-6.500000000000000000e+01
-6.404650115966796875e+01
-6.333137512207031250e+01
-6.280456542968750000e+01
-6.242614364624023438e+01
-6.121078109741210938e+01
-6.032500076293945312e+01
-5.969855499267578125e+01
-5.927547073364257812e+01
-5.901117324829101562e+01
-5.887019348144531250e+01
-5.882434844970703125e+01
-5.885126113891601562e+01
-5.893320465087890625e+01
-5.905614852905273438e+01
-5.920902633666992188e+01
-5.938312149047851562e+01
-5.957160186767578125e+01
-5.976913070678710938e+01
-5.997156143188476562e+01
-6.017569351196289062e+01
-6.037907791137695312e+01
-6.057985687255859375e+01
-6.077665328979492188e+01
-6.096845245361328125e+01
-6.115453338623046875e+01
-6.133441162109375000e+01
-6.150777435302734375e+01
-6.167444992065429688e+01
-6.183438110351562500e+01
-6.103408432006835938e+01
-6.046551895141601562e+01
-6.007875442504882812e+01
-5.983402633666992188e+01
-5.969969177246093750e+01
-5.965060043334960938e+01
-5.966678619384765625e+01
-5.973241806030273438e+01
-5.888147354125976562e+01
-5.829594039916992188e+01
-5.791797637939453125e+01
-5.770154571533203125e+01
-5.761004257202148438e+01
-5.761439895629882812e+01
-5.769156646728515625e+01
-5.686979675292968750e+01
-5.632655334472656250e+01
-5.600042343139648438e+01
-5.584255981445312500e+01
-5.581415939331054688e+01
-5.588443374633789062e+01
-5.507549667358398438e+01
-5.455995178222656250e+01
-5.331903839111328125e+01
-5.249275207519531250e+01
-5.198984909057617188e+01
-5.173774337768554688e+01
-5.167876434326171875e+01
-5.176715469360351562e+01
-5.196665954589843750e+01
-5.224861526489257812e+01
-5.259041595458984375e+01
-5.202077865600585938e+01
-5.171764755249023438e+01
-5.162009048461914062e+01
-5.167974853515625000e+01
-5.185829162597656250e+01
-5.212540054321289062e+01
-5.245714950561523438e+01
-5.283470535278320312e+01
-5.228980255126953125e+01
-5.200277709960937500e+01
-5.191461181640625000e+01
-5.197845840454101562e+01
-5.215719604492187500e+01
-5.242146682739257812e+01
-5.274809646606445312e+01
-5.311885452270507812e+01
-5.351944351196289062e+01
-5.393869400024414062e+01
-5.436793899536132812e+01
-5.384698486328125000e+01
-5.260908889770507812e+01
-5.179219818115234375e+01
-5.130344009399414062e+01
-5.106895065307617188e+01
-5.103004837036132812e+01
-5.114018249511718750e+01
-5.136248016357421875e+01
-5.166780471801757812e+01
-5.203317260742187500e+01
-5.244052124023437500e+01
-5.287570190429687500e+01
-5.332768249511718750e+01
-5.283440780639648438e+01
-5.258117675781250000e+01
-5.251290893554687500e+01
-5.258589553833007812e+01
-5.276550674438476562e+01
-5.302435684204101562e+01
-5.334083938598632812e+01
-5.369795608520507812e+01
-5.408238601684570312e+01
-5.448373031616210938e+01
-5.489391326904296875e+01
-5.435321426391601562e+01
-5.404875183105468750e+01
-5.297337341308593750e+01
-5.227635192871093750e+01
-5.187385177612304688e+01
-5.169921112060546875e+01
-5.169949340820312500e+01
-5.183271408081054688e+01
-5.206563186645507812e+01
-5.237199401855468750e+01
-5.273110961914062500e+01
-5.312672805786132812e+01
-5.354613113403320312e+01
-5.397941589355468750e+01
-5.441891860961914062e+01
-5.485874938964843750e+01
-5.529443359375000000e+01
-5.572261047363281250e+01
-5.614079666137695312e+01
-5.654721069335937500e+01
-5.694061279296875000e+01
-5.732019424438476562e+01
-5.768547439575195312e+01
-5.803623199462890625e+01
-5.741894531250000000e+01
-5.702561950683593750e+01
-5.585293579101562500e+01
-5.505316543579101562e+01
-5.454480743408203125e+01
-5.426300811767578125e+01
-5.320270919799804688e+01
-5.251485443115234375e+01
-5.211693572998046875e+01
-5.194334793090820312e+01
-5.194198989868164062e+01
-5.207153701782226562e+01
-5.229927825927734375e+01
-5.259936904907226562e+01
-5.199794387817382812e+01
-5.167088317871093750e+01
-5.155560684204101562e+01
-5.160243988037109375e+01
-5.177201080322265625e+01
-5.203316497802734375e+01
-5.236130905151367188e+01
-5.273708724975585938e+01
-5.314530563354492188e+01
-5.262059783935546875e+01
-5.234561538696289062e+01
-5.226317214965820312e+01
-5.232788467407226562e+01
-5.250378799438476562e+01
-5.276243591308593750e+01
-5.308138275146484375e+01
-5.344297027587890625e+01
-5.383334732055664062e+01
-5.424169921875000000e+01
-5.465962982177734375e+01
-5.508066177368164062e+01
-5.549983978271484375e+01
-5.591341400146484375e+01
-5.631859588623046875e+01
-5.671334838867187500e+01
-5.709622955322265625e+01
-5.746625518798828125e+01
-5.782281112670898438e+01
-5.816556549072265625e+01
-5.849440383911132812e+01
-5.880937576293945312e+01
-5.911066055297851562e+01
-5.939853286743164062e+01
-5.967332839965820312e+01
-5.993544006347656250e+01
-6.018529129028320312e+01
-6.042332458496093750e+01
-6.064999771118164062e+01
-6.086576843261718750e+01
-6.011759567260742188e+01
-5.864430999755859375e+01
-5.758816909790039062e+01
-5.685961914062500000e+01
-5.638732528686523438e+01
-5.611450958251953125e+01
-5.599602508544921875e+01
-5.599601745605468750e+01
-5.608605194091796875e+01
-5.624361801147460938e+01
-5.645093154907226562e+01
-5.669398117065429688e+01
-5.696175765991210938e+01
-5.724565124511718750e+01
-5.753895187377929688e+01
-5.783647155761718750e+01
-5.813422393798828125e+01
-5.842917251586914062e+01
