-6.500000000000000000e+01
-6.500000000000000000e+01
-6.404650115966796875e+01
-6.237787628173828125e+01
-6.113594055175781250e+01
-6.023071289062500000e+01
-5.959043121337890625e+01
-5.915791320800781250e+01
-5.793412017822265625e+01
-5.707469558715820312e+01
-5.650078582763671875e+01
-5.614960861206054688e+01
-5.501771545410156250e+01
-5.425730133056640625e+01
-5.378681182861328125e+01
-5.258787155151367188e+01
-5.084729766845703125e+01
-6.500000000000000000e+01
-6.253534698486328125e+01
-5.973335647583007812e+01
-5.765650939941406250e+01
-5.615154266357421875e+01
-5.509625244140625000e+01
-5.343976974487304688e+01
-5.229644393920898438e+01
-5.155455017089843750e+01
-5.112516784667968750e+01
-5.093758392333984375e+01
-6.500000000000000000e+01
-6.367315292358398438e+01
-6.267801666259765625e+01
-6.194493484497070312e+01
-6.046484375000000000e+01
-5.843182373046875000e+01
-5.695241165161132812e+01
-5.590853500366210938e+01
-5.520610427856445312e+01
-5.381669616699218750e+01
-5.287257766723632812e+01
-5.227632141113281250e+01
-5.195040512084960938e+01
-5.183320236206054688e+01
-5.187579727172851562e+01
-5.203940963745117188e+01
-5.229336166381835938e+01
-5.165993118286132812e+01
-5.131192398071289062e+01
-5.118431854248046875e+01
-5.122549819946289062e+01
-5.139453887939453125e+01
-5.165906524658203125e+01
-5.104001235961914062e+01
-5.070913314819335938e+01
-5.060057449340820312e+01
-5.066206359863281250e+01
-5.085217285156250000e+01
-5.018463516235351562e+01
-6.500000000000000000e+01
-6.412004852294921875e+01
-6.346008300781250000e+01
-6.297390747070312500e+01
-6.262467575073242188e+01
-6.238301086425781250e+01
-6.222551727294921875e+01
-6.213356781005859375e+01
-6.209235000610351562e+01
-6.209009933471679688e+01
-6.211748886108398438e+01
-6.121363067626953125e+01
-6.056455993652343750e+01
-6.011562347412109375e+01
-5.982327270507812500e+01
-5.869935607910156250e+01
-5.790818405151367188e+01
-5.737781143188476562e+01
-5.609745025634765625e+01
-5.521340179443359375e+01
-5.463938903808593750e+01
-5.430674743652343750e+01
-5.416087341308593750e+01
-5.415839767456054688e+01
-5.331143188476562500e+01
-5.278462600708007812e+01
-5.250640487670898438e+01
-5.241989517211914062e+01
-5.152644729614257812e+01
-5.098216247558593750e+01
-5.070868301391601562e+01
-5.064375305175781250e+01
-5.073796844482421875e+01
-5.095219421386718750e+01
-5.125548171997070312e+01
-5.162342453002929688e+01
-5.203682708740234375e+01
-5.152714538574218750e+01
-5.032101440429687500e+01
-6.500000000000000000e+01
-6.303414535522460938e+01
-6.155975341796875000e+01
-5.952011871337890625e+01
-5.802479553222656250e+01
-5.695810317993164062e+01
-5.622783660888671875e+01
-5.576055526733398438e+01
-5.549781417846679688e+01
-5.539315414428710938e+01
-5.540967941284179688e+01
-5.551814270019531250e+01
-5.569539260864257812e+01
-5.592314910888671875e+01
-5.618701171875000000e+01
-5.647567749023437500e+01
-5.678030776977539062e+01
-5.709402465820312500e+01
-5.741150665283203125e+01
-5.772867965698242188e+01
-5.708894348144531250e+01
-5.668185424804687500e+01
-5.645564651489257812e+01
-5.636917495727539062e+01
-5.638976287841796875e+01
-5.649151229858398438e+01
-5.570042800903320312e+01
-5.519219970703125000e+01
-5.490402221679687500e+01
-5.478596878051757812e+01
-5.384488677978515625e+01
-5.324121475219726562e+01
-5.194651412963867188e+01
-5.013957595825195312e+01
-6.500000000000000000e+01
-6.247234725952148438e+01
-6.057660675048828125e+01
-5.822657775878906250e+01
-5.555479049682617188e+01
-5.361868286132812500e+01
-5.130755615234375000e+01
-6.500000000000000000e+01
-6.144037628173828125e+01
-5.781715774536132812e+01
-5.418183898925781250e+01
-5.152717971801757812e+01
-6.500000000000000000e+01
-6.200133514404296875e+01
-5.975233840942382812e+01
-5.809557723999023438e+01
-5.690548324584960938e+01
-5.608195495605468750e+01
-5.554525375366210938e+01
-5.427840805053710938e+01
-5.342282104492187500e+01
-5.288834762573242188e+01
-5.260326385498046875e+01
-5.251056671142578125e+01
-5.256501388549804688e+01
-5.273074340820312500e+01
-5.202589035034179688e+01
-5.066644287109375000e+01
-6.500000000000000000e+01
-6.295198059082031250e+01
-6.141596603393554688e+01
-6.028443527221679688e+01
-5.947162628173828125e+01
-5.890917587280273438e+01
-5.758912277221679688e+01
-5.665999221801757812e+01
-5.508375167846679688e+01
-5.398497009277343750e+01
-5.326004791259765625e+01
-5.282650756835937500e+01
-5.261875152587890625e+01
-5.163116836547851562e+01
-5.006079483032226562e+01
-6.500000000000000000e+01
-6.261365890502929688e+01
-5.987040328979492188e+01
-5.688332366943359375e+01
-5.469430923461914062e+01
-5.313371658325195312e+01
-5.111282730102539062e+01
-6.500000000000000000e+01
-6.237340927124023438e+01
-6.040346908569335938e+01
-5.895227813720703125e+01
-5.790985107421875000e+01
-5.623500823974609375e+01
-5.409627532958984375e+01
-5.162637710571289062e+01
-6.500000000000000000e+01
-6.230754470825195312e+01
-6.028820419311523438e+01
-5.880062484741210938e+01
-5.677855682373046875e+01
-5.532400131225585938e+01
-5.431529617309570312e+01
-5.270203018188476562e+01
-5.159892654418945312e+01
-6.500000000000000000e+01
-6.218417739868164062e+01
-6.007231140136718750e+01
