-6.500000000000000000e+01
-6.500000000000000000e+01
-6.500000000000000000e+01
-6.500000000000000000e+01
-6.500000000000000000e+01
-6.500000000000000000e+01
-6.500000000000000000e+01
-6.500000000000000000e+01
-6.500000000000000000e+01
-6.500000000000000000e+01
-6.500000000000000000e+01
-6.500000000000000000e+01
-6.500000000000000000e+01
-6.404650115966796875e+01
-6.333137512207031250e+01
-6.280456542968750000e+01
-6.242614364624023438e+01
-6.216428375244140625e+01
-6.199362564086914062e+01
-6.189398956298828125e+01
-6.184932708740234375e+01
-6.184688949584960938e+01
-6.092306900024414062e+01
-6.026173400878906250e+01
-5.980650329589843750e+01
-5.951246261596679688e+01
-5.934386825561523438e+01
-5.927229690551757812e+01
-5.927518081665039062e+01
-5.933462142944335938e+01
-5.943644714355468750e+01
-5.956947326660156250e+01
-5.972487640380859375e+01
-5.989573287963867188e+01
-6.007662963867187500e+01
-6.026334381103515625e+01
-5.949911117553710938e+01
-5.897330474853515625e+01
-5.863395690917968750e+01
-5.843971252441406250e+01
-5.835769271850585938e+01
-5.836177825927734375e+01
-5.843126678466796875e+01
-5.854976654052734375e+01
-5.870432662963867188e+01
-5.888475036621093750e+01
-5.908302307128906250e+01
-5.929288101196289062e+01
-5.950944519042968750e+01
-5.972893905639648438e+01
-5.994846343994140625e+01
-6.016581726074218750e+01
-6.037934875488281250e+01
-6.058784103393554688e+01
-6.079041671752929688e+01
-6.098646926879882812e+01
-6.117560577392578125e+01
-6.135759353637695312e+01
-6.153232574462890625e+01
-6.169979858398437500e+01
-6.090658187866210938e+01
-6.034466934204101562e+01
-5.996416854858398438e+01
-5.972534942626953125e+01
-5.959659194946289062e+01
-5.955276870727539062e+01
-5.957393646240234375e+01
-5.964428329467773438e+01
-5.975130462646484375e+01
-5.988512802124023438e+01
-6.003798294067382812e+01
-6.020377349853515625e+01
-6.037773513793945312e+01
-6.055616760253906250e+01
-6.073621749877929688e+01
-6.091569137573242188e+01
-6.109293365478515625e+01
-6.126670837402343750e+01
-6.143611145019531250e+01
-6.160049819946289062e+01
-6.175942611694335938e+01
-6.191261672973632812e+01
-6.110641479492187500e+01
-6.053263854980468750e+01
-6.014124298095703125e+01
-5.989236831665039062e+01
-5.975429916381835938e+01
-5.970182418823242188e+01
-5.971492385864257812e+01
-5.977773284912109375e+01
-5.987768936157226562e+01
-6.000487899780273438e+01
-6.015149307250976562e+01
-6.031140518188476562e+01
-6.047982406616210938e+01
-6.065302658081054688e+01
-6.082812881469726562e+01
-6.100292587280273438e+01
-6.117574310302734375e+01
-6.134532546997070312e+01
-6.151075363159179688e+01
-6.167137145996093750e+01
-6.182672882080078125e+01
-6.197653198242187500e+01
-6.212061691284179688e+01
-6.225891494750976562e+01
-6.239143371582031250e+01
-6.251823425292968750e+01
-6.263941955566406250e+01
-6.275512695312500000e+01
-6.286551284790039062e+01
-6.297074890136718750e+01
-6.307102203369140625e+01
-6.221302032470703125e+01
-6.158880996704101562e+01
-6.114852142333984375e+01
-6.085241699218750000e+01
-6.066885375976562500e+01
-6.057265472412109375e+01
-6.054381942749023438e+01
-6.056646728515625000e+01
-6.062801361083984375e+01
-6.071850967407226562e+01
-6.083010101318359375e+01
-6.095660781860351562e+01
-6.109318923950195312e+01
-6.123605728149414062e+01
-6.138227844238281250e+01
-6.152958297729492188e+01
-6.167623901367187500e+01
-6.182093429565429688e+01
-6.196269226074218750e+01
-6.210080337524414062e+01
-6.223476028442382812e+01
-6.236421966552734375e+01
-6.248896789550781250e+01
-6.260888671875000000e+01
-6.177043533325195312e+01
-6.116550827026367188e+01
-6.074411010742187500e+01
-6.046640396118164062e+01
-6.030068588256835938e+01
-6.022173309326171875e+01
-6.020951080322265625e+01
-6.024812698364257812e+01
-5.937149429321289062e+01
-5.876153945922851562e+01
-5.836035537719726562e+01
-5.812185287475585938e+01
-5.800937271118164062e+01
-5.799379348754882812e+01
-5.805201721191406250e+01
-5.816574478149414062e+01
-5.832052230834960938e+01
-5.850494766235351562e+01
-5.871006011962890625e+01
-5.892884445190429688e+01
-5.915583419799804688e+01
-5.938678741455078125e+01
-5.961844253540039062e+01
-5.984831619262695312e+01
-5.912103652954101562e+01
-5.862709426879882812e+01
-5.831542587280273438e+01
-5.814540481567382812e+01
-5.808473587036132812e+01
-5.810778045654296875e+01
-5.819421386718750000e+01
-5.832796096801757812e+01
-5.849633026123046875e+01
-5.868932723999023438e+01
-5.889911270141601562e+01
-5.911955642700195312e+01
-5.934589767456054688e+01
-5.957445907592773438e+01
-5.980242156982421875e+01
-6.002764892578125000e+01
-6.024854660034179688e+01
-6.046394348144531250e+01
-6.067300415039062500e+01
-6.087516021728515625e+01
-6.107004928588867188e+01
-6.125746154785156250e+01
-6.143732070922851562e+01
-6.160964202880859375e+01
-6.177450942993164062e+01
-6.193206405639648438e+01
-6.208248519897460938e+01
-6.222597885131835938e+01
-6.236277389526367188e+01
-6.249311065673828125e+01
-6.261723709106445312e+01
-6.273540115356445312e+01
-6.284785079956054688e+01
-6.200133514404296875e+01
-6.138796997070312500e+01
-6.095793151855468750e+01
-6.067152404785156250e+01
-6.049713897705078125e+01
-6.040963363647460938e+01
