-6.500000000000000000e+01
-6.500000000000000000e+01
-6.500000000000000000e+01
-6.500000000000000000e+01
-6.500000000000000000e+01
-6.500000000000000000e+01
-6.500000000000000000e+01
-6.500000000000000000e+01
-6.500000000000000000e+01
-6.500000000000000000e+01
-6.500000000000000000e+01
-6.404650115966796875e+01
-6.333137512207031250e+01
-6.280456542968750000e+01
-6.242614364624023438e+01
-6.216428375244140625e+01
-6.199362564086914062e+01
-6.189398956298828125e+01
-6.184932708740234375e+01
-6.184688949584960938e+01
-6.092306900024414062e+01
-6.026173400878906250e+01
-5.980650329589843750e+01
-5.951246261596679688e+01
-5.934386825561523438e+01
-5.927229690551757812e+01
-5.927518081665039062e+01
-5.933462142944335938e+01
-5.943644714355468750e+01
-5.956947326660156250e+01
-5.877137756347656250e+01
-5.822711181640625000e+01
-5.788119888305664062e+01
-5.768949127197265625e+01
-5.761689758300781250e+01
-5.763555908203125000e+01
-5.772338485717773438e+01
-5.786289978027343750e+01
-5.804030227661132812e+01
-5.824472427368164062e+01
-5.846763992309570312e+01
-5.870237731933593750e+01
-5.894375610351562500e+01
-5.918776702880859375e+01
-5.943133544921875000e+01
-5.871863555908203125e+01
-5.823979568481445312e+01
-5.794348144531250000e+01
-5.778884506225585938e+01
-5.774343490600585938e+01
-5.778148651123046875e+01
-5.788259124755859375e+01
-5.803060531616210938e+01
-5.821279144287109375e+01
-5.841912460327148438e+01
-5.864174652099609375e+01
-5.887452316284179688e+01
-5.911268615722656250e+01
-5.935256195068359375e+01
-5.863784408569335938e+01
-5.815827941894531250e+01
-5.786222839355468750e+01
-5.770860671997070312e+01
-5.766476821899414062e+01
-5.770480346679687500e+01
-5.685468292236328125e+01
-5.629004287719726562e+01
-5.594801712036132812e+01
-5.577859878540039062e+01
-5.574205398559570312e+01
-5.580685806274414062e+01
-5.594804000854492188e+01
-5.614585876464843750e+01
-5.638474273681640625e+01
-5.665244674682617188e+01
-5.693937683105468750e+01
-5.723805236816406250e+01
-5.658916473388671875e+01
-5.618011856079101562e+01
-5.595744323730468750e+01
-5.587863540649414062e+01
-5.590995407104492188e+01
-5.602465820312500000e+01
-5.620158386230468750e+01
-5.642403411865234375e+01
-5.667885589599609375e+01
-5.695573043823242188e+01
-5.724659729003906250e+01
-5.754519271850585938e+01
-5.784667205810546875e+01
-5.719382858276367188e+01
-5.677573013305664062e+01
-5.654021835327148438e+01
-5.644582748413085938e+01
-5.645963287353515625e+01
-5.655552673339843750e+01
-5.671285247802734375e+01
-5.691529083251953125e+01
-5.714999008178710938e+01
-5.740686416625976562e+01
-5.767801666259765625e+01
-5.795731353759765625e+01
-5.824000549316406250e+01
-5.852245330810546875e+01
-5.880188751220703125e+01
-5.907624053955078125e+01
-5.934398651123046875e+01
-5.960403442382812500e+01
-5.985562896728515625e+01
-6.009828567504882812e+01
-5.937821960449218750e+01
-5.888718795776367188e+01
-5.857513046264648438e+01
-5.840221786499023438e+01
-5.833678054809570312e+01
-5.835367965698242188e+01
-5.843298721313476562e+01
-5.855892944335937500e+01
-5.871905899047851562e+01
-5.890356445312500000e+01
-5.910475540161132812e+01
-5.931661224365234375e+01
-5.953445816040039062e+01
-5.975467681884765625e+01
-5.997449493408203125e+01
-6.019181060791015625e+01
-6.040505218505859375e+01
-5.965956497192382812e+01
-5.914640045166015625e+01
-5.881492996215820312e+01
-5.862486267089843750e+01
-5.854416275024414062e+01
-5.854738998413085938e+01
-5.861436843872070312e+01
-5.872912979125976562e+01
-5.887905502319335938e+01
-5.905420684814453125e+01
-5.924678039550781250e+01
-5.945066833496093750e+01
-5.966111755371093750e+01
-5.987444686889648438e+01
-6.008783340454101562e+01
-5.934562683105468750e+01
-5.883809661865234375e+01
-5.851399230957031250e+01
-5.833253097534179688e+01
-5.826129531860351562e+01
-5.827454376220703125e+01
-5.835186767578125000e+01
-5.847711563110351562e+01
-5.863753128051757812e+01
-5.882307434082031250e+01
-5.902585601806640625e+01
-5.828620910644531250e+01
-5.779121780395507812e+01
-5.748711013793945312e+01
-5.733111953735351562e+01
-5.728925323486328125e+01
-5.733454132080078125e+01
-5.744561767578125000e+01
-5.760557937622070312e+01
-5.780109405517578125e+01
-5.802167510986328125e+01
-5.825909805297851562e+01
-5.850695037841796875e+01
-5.876024627685546875e+01
-5.901514816284179688e+01
-5.926872253417968750e+01
-5.951875305175781250e+01
-5.976358795166015625e+01
-6.000202560424804688e+01
-6.023321914672851562e+01
-6.045659255981445312e+01
-6.067179107666015625e+01
-6.087862396240234375e+01
-6.107703018188476562e+01
-6.126704788208007812e+01
-6.144879150390625000e+01
-6.162242889404296875e+01
-6.178816986083984375e+01
-6.194625091552734375e+01
-6.209693145751953125e+01
-6.224047851562500000e+01
-6.237717056274414062e+01
-6.155378341674804688e+01
-6.096247100830078125e+01
-6.055344772338867188e+01
-6.028705596923828125e+01
-6.013172912597656250e+01
-6.006236267089843750e+01
-6.005902099609375000e+01
-6.010589218139648438e+01
-6.019045257568359375e+01
-6.030281448364257812e+01
-6.043518066406250000e+01
-6.058142852783203125e+01
-6.073676300048828125e+01
-6.089744949340820312e+01
-6.106059646606445312e+01
-6.122398376464843750e+01
