-6.500000000000000000e+01
-6.500000000000000000e+01
-6.404650115966796875e+01
-6.333137512207031250e+01
-6.280456542968750000e+01
-6.147264480590820312e+01
-6.049565887451171875e+01
-5.979819488525390625e+01
-5.932013702392578125e+01
-5.901361465454101562e+01
-5.788702011108398438e+01
-5.710193634033203125e+01
-5.658425521850585938e+01
-5.627497482299804688e+01
-5.612717056274414062e+01
-5.610356903076171875e+01
-5.522109603881835938e+01
-5.464820480346679688e+01
-5.431632614135742188e+01
-5.417093658447265625e+01
-5.321522903442382812e+01
-5.260673904418945312e+01
-5.226821899414062500e+01
-5.213826370239257812e+01
-5.216811370849609375e+01
-5.136561965942382812e+01
-5.089206695556640625e+01
-5.067324829101562500e+01
-5.065021133422851562e+01
-6.500000000000000000e+01
-6.281050109863281250e+01
-6.116837692260742188e+01
-5.900518035888671875e+01
-5.742109680175781250e+01
-5.629298400878906250e+01
-5.552268600463867188e+01
-5.503203582763671875e+01
-5.475881958007812500e+01
-5.465358734130859375e+01
-5.467707443237304688e+01
-5.479815292358398438e+01
-5.499219131469726562e+01
-5.428623962402343750e+01
-5.385685348510742188e+01
-5.364195251464843750e+01
-5.359220886230468750e+01
-5.366847991943359375e+01
-5.383975982666015625e+01
-5.408153533935546875e+01
-5.437446975708007812e+01
-5.470335388183593750e+01
-5.505627441406250000e+01
-5.447043228149414062e+01
-5.413048553466796875e+01
-5.398082351684570312e+01
-5.397727203369140625e+01
-5.408480072021484375e+01
-5.427567291259765625e+01
-5.452798080444335938e+01
-5.482445526123046875e+01
-5.419802856445312500e+01
-5.287646484375000000e+01
-5.199331283569335938e+01
-5.049868392944335938e+01
-6.500000000000000000e+01
-6.362722396850585938e+01
-6.259764099121093750e+01
-6.183917999267578125e+01
-6.129436111450195312e+01
-5.996385192871093750e+01
-5.900302886962890625e+01
-5.833277130126953125e+01
-5.789004898071289062e+01
-5.762467956542968750e+01
-5.654325103759765625e+01
-5.580593490600585938e+01
-5.533751296997070312e+01
-5.507813644409179688e+01
-5.498022842407226562e+01
-5.500601577758789062e+01
-5.417205429077148438e+01
-5.364652252197265625e+01
-5.336065292358398438e+01
-5.230628585815429688e+01
-5.163190460205078125e+01
-5.125305557250976562e+01
-5.110260009765625000e+01
-5.112722778320312500e+01
-5.128467178344726562e+01
-5.154148483276367188e+01
-5.187124633789062500e+01
-5.129965209960937500e+01
-5.004874420166015625e+01
-6.500000000000000000e+01
-6.280750656127929688e+01
-6.116313934326171875e+01
-5.995178604125976562e+01
-5.908164215087890625e+01
-5.752601623535156250e+01
-5.641847991943359375e+01
-5.566256713867187500e+01
-5.518144607543945312e+01
-5.491398239135742188e+01
-5.481156921386718750e+01
-5.483562088012695312e+01
-5.495554351806640625e+01
-5.514712905883789062e+01
-5.443776321411132812e+01
-5.400426864624023438e+01
-5.378476715087890625e+01
-5.373009872436523438e+01
-5.380125045776367188e+01
-5.301381301879882812e+01
-5.158172225952148438e+01
-5.062751770019531250e+01
-6.500000000000000000e+01
-6.319712448120117188e+01
-6.184496688842773438e+01
-5.989537811279296875e+01
-5.846473693847656250e+01
-5.744280242919921875e+01
-5.674170303344726562e+01
-5.629145050048828125e+01
-5.603634262084960938e+01
-5.593209838867187500e+01
-5.594355010986328125e+01
-5.604281997680664062e+01
-5.620783615112304688e+01
-5.546767044067382812e+01
-5.404696655273437500e+01
-5.307676315307617188e+01
-5.245864105224609375e+01
-5.211428070068359375e+01
-5.198142623901367188e+01
-5.201064300537109375e+01
-5.120923995971679688e+01
-5.073808288574218750e+01
-5.052262115478515625e+01
-5.050364303588867188e+01
-5.063418579101562500e+01
-5.087705612182617188e+01
-5.120286560058593750e+01
-5.158845138549804688e+01
-5.201561355590820312e+01
-5.151660156250000000e+01
-5.127218627929687500e+01
-5.122370910644531250e+01
-5.132462692260742188e+01
-5.153807830810546875e+01
-5.183492279052734375e+01
-5.219217300415039062e+01
-5.259176254272460938e+01
-5.206603240966796875e+01
-5.179581832885742188e+01
-5.172249603271484375e+01
-5.179954528808593750e+01
-5.199010848999023438e+01
-5.226503372192382812e+01
-5.164782714843750000e+01
-5.131227111816406250e+01
-5.119412612915039062e+01
-5.124239349365234375e+01
-5.141665267944335938e+01
-5.168492507934570312e+01
-5.202196121215820312e+01
-5.240789031982421875e+01
-5.282711791992187500e+01
-5.326745986938476562e+01
-5.371944427490234375e+01
-5.417575836181640625e+01
-5.463079833984375000e+01
-5.508032226562500000e+01
-5.552115631103515625e+01
-5.499747848510742188e+01
-5.469950866699218750e+01
-5.457605743408203125e+01
-5.363297271728515625e+01
-5.302989959716796875e+01
-5.269126510620117188e+01
-5.255699157714843750e+01
-5.257937240600585938e+01
-5.272058868408203125e+01
-5.295070648193359375e+01
-5.229258728027343750e+01
-5.191949081420898438e+01
-5.176674270629882812e+01
-5.178298950195312500e+01
-5.192750549316406250e+01
-5.216806411743164062e+01
-5.247920608520507812e+01
-5.188738250732421875e+01
-5.061522293090820312e+01
-6.500000000000000000e+01
-6.281271362304687500e+01
-6.021875000000000000e+01
-5.829515075683593750e+01
-5.690026092529296875e+01
-5.592114257812500000e+01
-5.431430053710937500e+01
-5.319995880126953125e+01
