-6.500000000000000000e+01
-6.500000000000000000e+01
-6.500000000000000000e+01
-6.500000000000000000e+01
-6.500000000000000000e+01
-6.500000000000000000e+01
-6.500000000000000000e+01
-6.500000000000000000e+01
-6.500000000000000000e+01
-6.500000000000000000e+01
-6.500000000000000000e+01
-6.500000000000000000e+01
-6.500000000000000000e+01
-6.500000000000000000e+01
-6.500000000000000000e+01
-6.500000000000000000e+01
-6.500000000000000000e+01
-6.500000000000000000e+01
-6.500000000000000000e+01
-6.500000000000000000e+01
-6.500000000000000000e+01
-6.500000000000000000e+01
-6.500000000000000000e+01
-6.500000000000000000e+01
-6.500000000000000000e+01
-6.500000000000000000e+01
-6.500000000000000000e+01
-6.500000000000000000e+01
-6.500000000000000000e+01
-6.500000000000000000e+01
-6.500000000000000000e+01
-6.500000000000000000e+01
-6.500000000000000000e+01
-6.500000000000000000e+01
-6.500000000000000000e+01
-6.500000000000000000e+01
-6.500000000000000000e+01
-6.500000000000000000e+01
-6.500000000000000000e+01
-6.500000000000000000e+01
-6.500000000000000000e+01
-6.500000000000000000e+01
-6.500000000000000000e+01
-6.500000000000000000e+01
-6.500000000000000000e+01
-6.500000000000000000e+01
-6.500000000000000000e+01
-6.500000000000000000e+01
-6.500000000000000000e+01
-6.500000000000000000e+01
-6.500000000000000000e+01
-6.500000000000000000e+01
-6.500000000000000000e+01
-6.500000000000000000e+01
-6.500000000000000000e+01
-6.500000000000000000e+01
-6.500000000000000000e+01
-6.500000000000000000e+01
-6.500000000000000000e+01
-6.404650115966796875e+01
-6.333137512207031250e+01
-6.280456542968750000e+01
-6.242614364624023438e+01
-6.216428375244140625e+01
-6.199362564086914062e+01
-6.189398956298828125e+01
-6.184932708740234375e+01
-6.184688949584960938e+01
-6.187656784057617188e+01
-6.193035888671875000e+01
-6.200193405151367188e+01
-6.208631515502929688e+01
-6.217958068847656250e+01
-6.132516479492187500e+01
-6.071255874633789062e+01
-6.028985214233398438e+01
-6.001569747924804688e+01
-5.985718154907226562e+01
-5.978813934326171875e+01
-5.978778457641601562e+01
-5.983963775634765625e+01
-5.993064880371093750e+01
-6.005051040649414062e+01
-6.019110107421875000e+01
-6.034603881835937500e+01
-6.051033020019531250e+01
-6.068008804321289062e+01
-6.085230255126953125e+01
-6.102466201782226562e+01
-6.119541168212890625e+01
-6.136322402954101562e+01
-6.152713012695312500e+01
-6.168642807006835938e+01
-6.184062957763671875e+01
-6.198941802978515625e+01
-6.213260269165039062e+01
-6.227009582519531250e+01
-6.240188980102539062e+01
-6.252803421020507812e+01
-6.264862442016601562e+01
-6.276378631591796875e+01
-6.287367248535156250e+01
-6.297844696044921875e+01
-6.307829284667968750e+01
-6.317339324951171875e+01
-6.326393508911132812e+01
-6.335010910034179688e+01
-6.343209838867187500e+01
-6.351008987426757812e+01
-6.358426284790039062e+01
-6.365479278564453125e+01
-6.372184753417968750e+01
-6.378559112548828125e+01
-6.384617996215820312e+01
-6.390376663208007812e+01
-6.395849227905273438e+01
-6.401049804687500000e+01
-6.405992126464843750e+01
-6.410688018798828125e+01
-6.415150451660156250e+01
-6.419390106201171875e+01
-6.423418426513671875e+01
-6.427246093750000000e+01
-6.430882263183593750e+01
-6.434336853027343750e+01
-6.437619018554687500e+01
-6.440737152099609375e+01
-6.443699645996093750e+01
-6.446514129638671875e+01
-6.449188232421875000e+01
-6.451728820800781250e+01
-6.454141998291015625e+01
-6.456434631347656250e+01
-6.458612823486328125e+01
-6.460681915283203125e+01
-6.462648010253906250e+01
-6.464515686035156250e+01
-6.466289520263671875e+01
-6.467974853515625000e+01
-6.469576263427734375e+01
-6.471097564697265625e+01
-6.472542572021484375e+01
-6.473915100097656250e+01
-6.475218963623046875e+01
-6.476457977294921875e+01
-6.477635192871093750e+01
-6.478753662109375000e+01
-6.479815673828125000e+01
-6.480825042724609375e+01
-6.481784057617187500e+01
-6.482695007324218750e+01
-6.483560180664062500e+01
-6.484381866455078125e+01
-6.485163116455078125e+01
-6.485904693603515625e+01
-6.391259384155273438e+01
-6.320416259765625000e+01
-6.268371582031250000e+01
-6.231133651733398438e+01
-6.205521774291992188e+01
-6.189001464843750000e+01
-6.179555892944335938e+01
-6.175581741333007812e+01
-6.175805664062500000e+01
-6.179217910766601562e+01
-6.185018920898437500e+01
-6.192577362060546875e+01
-6.201396179199218750e+01
-6.211084365844726562e+01
-6.221336746215820312e+01
-6.231914901733398438e+01
-6.242635345458984375e+01
-6.253356552124023438e+01
-6.263970947265625000e+01
-6.274398422241210938e+01
-6.284579086303710938e+01
-6.294470596313476562e+01
-6.304043579101562500e+01
-6.313278579711914062e+01
-6.322164535522460938e+01
-6.330696105957031250e+01
-6.243523025512695312e+01
-6.179836273193359375e+01
-6.134635925292968750e+01
-6.103937530517578125e+01
-6.084567260742187500e+01
-6.074000167846679688e+01
-6.070229339599609375e+01
-6.071660995483398438e+01
-6.077032470703125000e+01
-6.085344696044921875e+01
-6.095808410644531250e+01
-6.107802581787109375e+01
-6.025490188598632812e+01
-5.967678070068359375e+01
-5.929063796997070312e+01
-5.905426406860351562e+01
-5.893407821655273438e+01
-5.890339660644531250e+01
-5.894104385375976562e+01
