-6.500000000000000000e+01
-6.500000000000000000e+01
-6.500000000000000000e+01
-6.500000000000000000e+01
-6.500000000000000000e+01
-6.500000000000000000e+01
-6.500000000000000000e+01
-6.404650115966796875e+01
-6.333137512207031250e+01
-6.185106658935546875e+01
-6.075752258300781250e+01
-5.996885299682617188e+01
-5.941977691650390625e+01
-5.905828094482421875e+01
-5.884296035766601562e+01
-5.874088668823242188e+01
-5.872590255737304688e+01
-5.877725601196289062e+01
-5.887851333618164062e+01
-5.901668167114257812e+01
-5.918152236938476562e+01
-5.936498641967773438e+01
-5.956076812744140625e+01
-5.976395416259765625e+01
-5.997073745727539062e+01
-6.017818450927734375e+01
-6.038406372070312500e+01
-6.058668899536132812e+01
-6.078482055664062500e+01
-6.097755050659179688e+01
-6.116424942016601562e+01
-6.039099884033203125e+01
-5.984941864013671875e+01
-5.948932266235351562e+01
-5.927075576782226562e+01
-5.916193771362304688e+01
-5.913761520385742188e+01
-5.917775726318359375e+01
-5.926648712158203125e+01
-5.843775558471679688e+01
-5.787354278564453125e+01
-5.751600646972656250e+01
-5.731911849975585938e+01
-5.724629211425781250e+01
-5.631497955322265625e+01
-5.474053192138671875e+01
-5.364654922485351562e+01
-5.292865753173828125e+01
-5.250377273559570312e+01
-5.230582046508789062e+01
-5.132881927490234375e+01
-5.072301101684570312e+01
-5.040536499023437500e+01
-5.030990219116210938e+01
-5.038425064086914062e+01
-5.058691406250000000e+01
-5.088506698608398438e+01
-5.125281524658203125e+01
-5.166977310180664062e+01
-5.116646575927734375e+01
-5.092228698730468750e+01
-5.087748718261718750e+01
-5.098466491699218750e+01
-5.120627212524414062e+01
-5.151263046264648438e+01
-5.092683792114257812e+01
-6.500000000000000000e+01
-6.343069839477539062e+01
-6.225371932983398438e+01
-6.138668060302734375e+01
-6.076386260986328125e+01
-5.937938308715820312e+01
-5.742988586425781250e+01
-5.602396774291992188e+01
-5.504523086547851562e+01
-5.440093994140625000e+01
-5.401726913452148438e+01
-5.383550643920898438e+01
-5.380900955200195312e+01
-5.294728469848632812e+01
-5.241289901733398438e+01
-5.213263702392578125e+01
-5.204831314086914062e+01
-5.211374282836914062e+01
-5.229233169555664062e+01
-5.255513763427734375e+01
-5.287931823730468750e+01
-5.324690246582031250e+01
-5.364379882812500000e+01
-5.310549926757812500e+01
-5.281533813476562500e+01
-5.271666336059570312e+01
-5.276450347900390625e+01
-5.292321777343750000e+01
-5.316460800170898438e+01
-5.346641921997070312e+01
-5.381113052368164062e+01
-5.323149871826171875e+01
-5.290866470336914062e+01
-5.278422546386718750e+01
-5.281180953979492188e+01
-5.295465469360351562e+01
-5.318367004394531250e+01
-5.347588348388671875e+01
-5.381320953369140625e+01
-5.418144226074218750e+01
-5.456948471069335938e+01
-5.496870422363281250e+01
-5.441892242431640625e+01
-5.410689926147460938e+01
-5.397869491577148438e+01
-5.399147033691406250e+01
-5.411126708984375000e+01
-5.335770034790039062e+01
-5.290141296386718750e+01
-5.267562103271484375e+01
-5.262726211547851562e+01
-5.271423721313476562e+01
-5.194969558715820312e+01
-5.149914550781250000e+01
-5.129173660278320312e+01
-5.127118682861328125e+01
-5.139286041259765625e+01
-5.162140274047851562e+01
-5.192887878417968750e+01
-5.229327392578125000e+01
-5.269728088378906250e+01
-5.312735366821289062e+01
-5.357293701171875000e+01
-5.402584838867187500e+01
-5.447980499267578125e+01
-5.493001174926757812e+01
-5.537287139892578125e+01
-5.580571365356445312e+01
-5.622661590576171875e+01
-5.663423538208007812e+01
-5.702768325805664062e+01
-5.740642929077148438e+01
-5.777021026611328125e+01
-5.811898040771484375e+01
-5.845285797119140625e+01
-5.877207565307617188e+01
-5.907696151733398438e+01
-5.936790466308593750e+01
-5.964534378051757812e+01
-5.990974426269531250e+01
-6.016159057617187500e+01
-6.040137863159179688e+01
-6.062960433959960938e+01
-6.084675979614257812e+01
-6.105332946777343750e+01
-6.124979019165039062e+01
-6.143659973144531250e+01
-6.161421203613281250e+01
-6.178305435180664062e+01
-6.194354248046875000e+01
-6.209608078002929688e+01
-6.224104690551757812e+01
-6.142531204223632812e+01
-6.084109878540039062e+01
-6.043868637084960938e+01
-6.017846679687500000e+01
-6.002891540527343750e+01
-5.996496582031250000e+01
-5.996671676635742188e+01
-6.001837921142578125e+01
-6.010746002197265625e+01
-6.022408676147460938e+01
-6.036048126220703125e+01
-6.051053619384765625e+01
-6.066947174072265625e+01
-6.083356857299804688e+01
-6.004644775390625000e+01
-5.949777221679687500e+01
-5.913579940795898438e+01
-5.891934204101562500e+01
-5.881563949584960938e+01
-5.879867172241210938e+01
-5.884778976440429688e+01
-5.894664001464843750e+01
-5.908230209350585938e+01
-5.924457931518554688e+01
-5.942546463012695312e+01
-5.961868286132812500e+01
-5.981934356689453125e+01
-5.907015228271484375e+01
-5.760656356811523438e+01
-5.656817245483398438e+01
-5.586331176757812500e+01
-5.541898345947265625e+01
-5.517710494995117188e+01
-5.509150695800781250e+01
-5.512553787231445312e+01
-5.525014495849609375e+01
-5.544234466552734375e+01
-5.473049163818359375e+01
-5.429217910766601562e+01
-5.406613922119140625e+01
-5.400368881225585938e+01
-5.406618881225585938e+01
