-6.500000000000000000e+01
-6.500000000000000000e+01
-6.500000000000000000e+01
-6.500000000000000000e+01
-6.500000000000000000e+01
-6.500000000000000000e+01
-6.500000000000000000e+01
-6.500000000000000000e+01
-6.500000000000000000e+01
-6.500000000000000000e+01
-6.500000000000000000e+01
-6.500000000000000000e+01
-6.500000000000000000e+01
-6.500000000000000000e+01
-6.500000000000000000e+01
-6.500000000000000000e+01
-6.500000000000000000e+01
-6.404650115966796875e+01
-6.237787628173828125e+01
-6.113594055175781250e+01
-5.927721023559570312e+01
-5.792180252075195312e+01
-5.696247482299804688e+01
-5.536026000976562500e+01
-5.423897552490234375e+01
-5.349441146850585938e+01
-5.304359817504882812e+01
-5.186704254150390625e+01
-5.110419082641601562e+01
-5.066337966918945312e+01
-6.500000000000000000e+01
-6.351041793823242188e+01
-6.239323043823242188e+01
-6.157023620605468750e+01
-6.097905731201171875e+01
-6.056996917724609375e+01
-6.030336380004882812e+01
-6.014770889282226562e+01
-6.007793426513671875e+01
-6.007412719726562500e+01
-6.012049102783203125e+01
-5.925102233886718750e+01
-5.864771652221679688e+01
-5.825272750854492188e+01
-5.802000808715820312e+01
-5.695944213867187500e+01
-5.623381805419921875e+01
-5.481650543212890625e+01
-5.384118270874023438e+01
-5.225802612304687500e+01
-5.022874450683593750e+01
-6.500000000000000000e+01
-6.329351806640625000e+01
-6.201365661621093750e+01
-6.011732482910156250e+01
-5.872494125366210938e+01
-5.772948074340820312e+01
-5.704563522338867188e+01
-5.660545730590820312e+01
-5.635486602783203125e+01
-5.529736709594726562e+01
-5.363719558715820312e+01
-5.248909378051757812e+01
-5.078814315795898438e+01
-6.500000000000000000e+01
-6.274824523925781250e+01
-6.105942916870117188e+01
-5.981533432006835938e+01
-5.796817016601562500e+01
-5.663464355468750000e+01
-5.475131607055664062e+01
-5.342247390747070312e+01
-5.252832794189453125e+01
-5.101999664306640625e+01
-6.500000000000000000e+01
-6.287277221679687500e+01
-6.127735137939453125e+01
-6.010205841064453125e+01
-5.925781631469726562e+01
-5.867361450195312500e+01
-5.829288482666015625e+01
-5.807060241699218750e+01
-5.797095870971679688e+01
-5.701202011108398438e+01
-5.636310577392578125e+01
-5.595630264282226562e+01
-5.573756790161132812e+01
-5.471045303344726562e+01
-5.403274154663085938e+01
-5.267385482788085938e+01
-5.081085968017578125e+01
-6.500000000000000000e+01
-6.341324615478515625e+01
-6.222318267822265625e+01
-6.134650039672851562e+01
-5.976325988769531250e+01
-5.861236190795898438e+01
-5.684805679321289062e+01
-5.558870315551757812e+01
-5.472570800781250000e+01
-5.417257308959960938e+01
-5.386046600341796875e+01
-5.373466110229492188e+01
-5.279820251464843750e+01
-5.220851135253906250e+01
-5.093476104736328125e+01
-5.010736465454101562e+01
-6.500000000000000000e+01
-6.325757598876953125e+01
-6.195075988769531250e+01
-6.098807144165039062e+01
-5.934304809570312500e+01
-5.814939880371093750e+01
-5.731073379516601562e+01
-5.675024032592773438e+01
-5.640676116943359375e+01
-5.623165130615234375e+01
-5.523274993896484375e+01
-5.457125854492187500e+01
-5.417281341552734375e+01
-5.302476501464843750e+01
-5.227199935913085938e+01
-5.182717895507812500e+01
-5.162084197998046875e+01
-5.159782028198242188e+01
-5.076084518432617188e+01
-6.500000000000000000e+01
-6.327266693115234375e+01
-6.197716522216796875e+01
-6.102281188964843750e+01
-6.033727645874023438e+01
-5.890939712524414062e+01
-5.788511276245117188e+01
-5.622430801391601562e+01
-5.504985046386718750e+01
-5.425676727294921875e+01
-5.280795669555664062e+01
-5.182878112792968750e+01
-5.026281738281250000e+01
-6.500000000000000000e+01
-6.281350708007812500e+01
-6.117363739013671875e+01
-5.901210021972656250e+01
-5.742921066284179688e+01
-5.534842300415039062e+01
-5.386354064941406250e+01
-5.284639358520507812e+01
-5.219489669799804688e+01
-5.182781219482421875e+01
-5.168054962158203125e+01
-5.170182418823242188e+01
-5.185097503662109375e+01
-5.114231872558593750e+01
-5.074231719970703125e+01
-6.500000000000000000e+01
-6.353775405883789062e+01
-6.148756790161132812e+01
-5.996455001831054688e+01
-5.790391159057617188e+01
-5.545528793334960938e+01
-5.368978118896484375e+01
-5.150759887695312500e+01
-6.500000000000000000e+01
-6.228797531127929688e+01
-5.930045700073242188e+01
-5.708693695068359375e+01
-5.453029251098632812e+01
-5.269194030761718750e+01
-5.046437454223632812e+01
-6.500000000000000000e+01
-6.318050003051757812e+01
-6.181587600708007812e+01
-6.081060028076171875e+01
-5.913498687744140625e+01
-5.792016983032226562e+01
-5.706770706176757812e+01
-5.649915695190429688e+01
-5.615206909179687500e+01
-5.597676086425781250e+01
-5.498025894165039062e+01
-5.432311630249023438e+01
-5.393045425415039062e+01
-5.374272918701171875e+01
-5.275912857055664062e+01
-5.213400268554687500e+01
-5.178756713867187500e+01
-5.165639877319335938e+01
-5.169014739990234375e+01
-5.184889602661132812e+01
-5.210105514526367188e+01
-5.242168426513671875e+01
-5.183764648437500000e+01
-5.152540206909179688e+01
-5.046934127807617188e+01
-6.500000000000000000e+01
-6.293943405151367188e+01
-6.139400863647460938e+01
-6.025554656982421875e+01
-5.848426055908203125e+01
-5.720323944091796875e+01
