-6.500000000000000000e+01
-6.500000000000000000e+01
-6.500000000000000000e+01
-6.500000000000000000e+01
-6.500000000000000000e+01
-6.500000000000000000e+01
-6.500000000000000000e+01
-6.500000000000000000e+01
-6.500000000000000000e+01
-6.500000000000000000e+01
-6.500000000000000000e+01
-6.500000000000000000e+01
-6.500000000000000000e+01
-6.500000000000000000e+01
-6.500000000000000000e+01
-6.500000000000000000e+01
-6.500000000000000000e+01
-6.500000000000000000e+01
-6.500000000000000000e+01
-6.500000000000000000e+01
-6.500000000000000000e+01
-6.500000000000000000e+01
-6.500000000000000000e+01
-6.500000000000000000e+01
-6.500000000000000000e+01
-6.500000000000000000e+01
-6.500000000000000000e+01
-6.500000000000000000e+01
-6.500000000000000000e+01
-6.500000000000000000e+01
-6.404650115966796875e+01
-6.333137512207031250e+01
-6.280456542968750000e+01
-6.242614364624023438e+01
-6.216428375244140625e+01
-6.199362564086914062e+01
-6.189398956298828125e+01
-6.184932708740234375e+01
-6.184688949584960938e+01
-6.187656784057617188e+01
-6.193035888671875000e+01
-6.200193405151367188e+01
-6.208631515502929688e+01
-6.217958068847656250e+01
-6.227866744995117188e+01
-6.238118743896484375e+01
-6.248529052734375000e+01
-6.258955383300781250e+01
-6.269289779663085938e+01
-6.279450988769531250e+01
-6.289379119873046875e+01
-6.299030685424804688e+01
-6.308375549316406250e+01
-6.317393875122070312e+01
-6.326073837280273438e+01
-6.334410095214843750e+01
-6.342401504516601562e+01
-6.350050735473632812e+01
-6.357363891601562500e+01
-6.364348220825195312e+01
-6.371012878417968750e+01
-6.377367782592773438e+01
-6.383423995971679688e+01
-6.389192199707031250e+01
-6.394684219360351562e+01
-6.304561233520507812e+01
-6.238022232055664062e+01
-6.190072250366210938e+01
-6.156729507446289062e+01
-6.134821701049804688e+01
-6.121823501586914062e+01
-6.115726852416992188e+01
-6.114936065673828125e+01
-6.118185806274414062e+01
-6.124473571777343750e+01
-6.133007431030273438e+01
-6.143163299560546875e+01
-6.154450225830078125e+01
-6.166483688354492188e+01
-6.178964233398437500e+01
-6.191659927368164062e+01
-6.204391860961914062e+01
-6.217024230957031250e+01
-6.229454803466796875e+01
-6.241607284545898438e+01
-6.253427124023437500e+01
-6.264875793457031250e+01
-6.275928115844726562e+01
-6.286568450927734375e+01
-6.296789550781250000e+01
-6.306589889526367188e+01
-6.315972137451171875e+01
-6.324942779541015625e+01
-6.333510971069335938e+01
-6.246337890625000000e+01
-6.182622909545898438e+01
-6.137373352050781250e+01
-6.106609725952148438e+01
-6.087163543701171875e+01
-6.076512527465820312e+01
-6.072652816772460938e+01
-6.073992919921875000e+01
-6.079271316528320312e+01
-6.087490463256835938e+01
-6.097861862182617188e+01
-6.109765625000000000e+01
-6.122714614868164062e+01
-6.136328887939453125e+01
-6.150312423706054688e+01
-6.164436721801757812e+01
-6.178526687622070312e+01
-6.192449951171875000e+01
-6.206106948852539062e+01
-6.219425201416015625e+01
-6.232352828979492188e+01
-6.244854354858398438e+01
-6.161557006835937500e+01
-6.101635360717773438e+01
-6.060078430175781250e+01
-6.032894515991210938e+01
-6.016905975341796875e+01
-6.009585571289062500e+01
-6.008926010131835938e+01
-6.013335418701171875e+01
-6.021553421020507812e+01
-6.032583618164062500e+01
-6.045640563964843750e+01
-6.060107421875000000e+01
-6.075501251220703125e+01
-6.091445541381835938e+01
-6.107648849487304688e+01
-6.123886871337890625e+01
-6.139988708496093750e+01
-6.155826187133789062e+01
-6.171304321289062500e+01
-6.186354827880859375e+01
-6.200929641723632812e+01
-6.214997100830078125e+01
-6.228538513183593750e+01
-6.241544723510742188e+01
-6.254013824462890625e+01
-6.265950393676757812e+01
-6.277362442016601562e+01
-6.288262176513671875e+01
-6.298663330078125000e+01
-6.308581542968750000e+01
-6.318033599853515625e+01
-6.327036666870117188e+01
-6.335608673095703125e+01
-6.343767547607421875e+01
-6.351530456542968750e+01
-6.358914947509765625e+01
-6.365938186645507812e+01
-6.372616195678710938e+01
-6.378965377807617188e+01
-6.385000991821289062e+01
-6.390738296508789062e+01
-6.396191024780273438e+01
-6.401373291015625000e+01
-6.406298065185546875e+01
-6.410977935791015625e+01
-6.415425109863281250e+01
-6.419650268554687500e+01
-6.423664855957031250e+01
-6.427479553222656250e+01
-6.431103515625000000e+01
-6.434546661376953125e+01
-6.437818145751953125e+01
-6.440926361083984375e+01
-6.443879699707031250e+01
-6.446685028076171875e+01
-6.449349975585937500e+01
-6.451882171630859375e+01
-6.454287719726562500e+01
-6.456572723388671875e+01
-6.458744049072265625e+01
-6.460807037353515625e+01
-6.462766265869140625e+01
-6.464627838134765625e+01
-6.466396331787109375e+01
-6.468076324462890625e+01
-6.469672393798828125e+01
-6.471188354492187500e+01
-6.472628784179687500e+01
-6.473997497558593750e+01
-6.475297546386718750e+01
-6.476532745361328125e+01
-6.477706146240234375e+01
-6.478820800781250000e+01
-6.479879760742187500e+01
-6.480886077880859375e+01
-6.481842041015625000e+01
-6.482749938964843750e+01
-6.388262557983398438e+01
-6.317569351196289062e+01
-6.265666961669921875e+01
-6.228564453125000000e+01
-6.203080749511718750e+01
-6.186682510375976562e+01
-6.177352905273437500e+01
