-6.500000000000000000e+01
-6.500000000000000000e+01
-6.500000000000000000e+01
-6.500000000000000000e+01
-6.500000000000000000e+01
-6.500000000000000000e+01
-6.500000000000000000e+01
-6.500000000000000000e+01
-6.500000000000000000e+01
-6.500000000000000000e+01
-6.500000000000000000e+01
-6.500000000000000000e+01
-6.500000000000000000e+01
-6.500000000000000000e+01
-6.500000000000000000e+01
-6.500000000000000000e+01
-6.500000000000000000e+01
-6.500000000000000000e+01
-6.500000000000000000e+01
-6.500000000000000000e+01
-6.500000000000000000e+01
-6.500000000000000000e+01
-6.404650115966796875e+01
-6.333137512207031250e+01
-6.280456542968750000e+01
-6.242614364624023438e+01
-6.216428375244140625e+01
-6.199362564086914062e+01
-6.189398956298828125e+01
-6.184932708740234375e+01
-6.184688949584960938e+01
-6.187656784057617188e+01
-6.193035888671875000e+01
-6.200193405151367188e+01
-6.208631515502929688e+01
-6.122608184814453125e+01
-6.061004257202148438e+01
-6.018575286865234375e+01
-5.991143417358398438e+01
-5.975383758544921875e+01
-5.968652725219726562e+01
-5.968850708007812500e+01
-5.974312591552734375e+01
-5.983720397949218750e+01
-5.996033096313476562e+01
-6.010430526733398438e+01
-6.026268386840820312e+01
-6.043042373657226562e+01
-6.060360336303710938e+01
-5.982568359375000000e+01
-5.928620529174804688e+01
-5.893334197998046875e+01
-5.872583007812500000e+01
-5.863086318969726562e+01
-5.862237930297851562e+01
-5.867971038818359375e+01
-5.878648376464843750e+01
-5.892976760864257812e+01
-5.814586639404296875e+01
-5.761864089965820312e+01
-5.729176330566406250e+01
-5.712041854858398438e+01
-5.706899261474609375e+01
-5.710921859741210938e+01
-5.721869659423828125e+01
-5.737971496582031250e+01
-5.757829284667968750e+01
-5.780342864990234375e+01
-5.804649734497070312e+01
-5.830076599121093750e+01
-5.856100082397460938e+01
-5.882316970825195312e+01
-5.908418655395507812e+01
-5.934171676635742188e+01
-5.959402465820312500e+01
-5.983983612060546875e+01
-6.007825469970703125e+01
-6.030867004394531250e+01
-6.053070068359375000e+01
-6.074413681030273438e+01
-6.094890594482421875e+01
-6.019154357910156250e+01
-5.966403198242187500e+01
-5.931648254394531250e+01
-5.910918045043945312e+01
-5.901054000854492188e+01
-5.899546813964843750e+01
-5.904405593872070312e+01
-5.914054489135742188e+01
-5.927246856689453125e+01
-5.943000793457031250e+01
-5.960543823242187500e+01
-5.979270935058593750e+01
-5.998711013793945312e+01
-6.018498229980468750e+01
-6.038351440429687500e+01
-6.058056640625000000e+01
-6.077451705932617188e+01
-6.096417617797851562e+01
-6.114867401123046875e+01
-6.132740783691406250e+01
-6.149996948242187500e+01
-6.166611862182617188e+01
-6.182572937011718750e+01
-6.197877502441406250e+01
-6.212530136108398438e+01
-6.226541137695312500e+01
-6.239923858642578125e+01
-6.252695465087890625e+01
-6.264875030517578125e+01
-6.276482772827148438e+01
-6.287539672851562500e+01
-6.298067474365234375e+01
-6.212738037109375000e+01
-6.150760269165039062e+01
-6.107149505615234375e+01
-6.077933883666992188e+01
-6.059950637817382812e+01
-6.050683975219726562e+01
-6.048134231567382812e+01
-6.050715255737304688e+01
-6.057169723510742188e+01
-6.066503524780273438e+01
-5.982582092285156250e+01
-5.923976135253906250e+01
-5.885195541381835938e+01
-5.861870574951171875e+01
-5.850524902343750000e+01
-5.848396682739257812e+01
-5.853295516967773438e+01
-5.863485717773437500e+01
-5.877595138549804688e+01
-5.894542312622070312e+01
-5.913476943969726562e+01
-5.933732604980468750e+01
-5.954789352416992188e+01
-5.976244735717773438e+01
-5.997788238525390625e+01
-6.019183349609375000e+01
-5.944902038574218750e+01
-5.893999099731445312e+01
-5.861372756958007812e+01
-5.842963027954101562e+01
-5.835541915893554688e+01
-5.836546707153320312e+01
-5.843944931030273438e+01
-5.856127929687500000e+01
-5.871825790405273438e+01
-5.890037918090820312e+01
-5.909978866577148438e+01
-5.931034088134765625e+01
-5.952725601196289062e+01
-5.974684143066406250e+01
-5.996625518798828125e+01
-6.018334960937500000e+01
-6.039650726318359375e+01
-6.060454177856445312e+01
-6.080660247802734375e+01
-6.004860305786132812e+01
-5.952203750610351562e+01
-5.917662811279296875e+01
-5.897235107421875000e+01
-5.887737655639648438e+01
-5.886642074584960938e+01
-5.891942977905273438e+01
-5.902052307128906250e+01
-5.915715026855468750e+01
-5.931941604614257812e+01
-5.949954223632812500e+01
-5.969144439697265625e+01
-5.989037322998046875e+01
-6.009265518188476562e+01
-6.029546356201171875e+01
-6.049664306640625000e+01
-5.974107360839843750e+01
-5.921942901611328125e+01
-5.888078689575195312e+01
-5.868460845947265625e+01
-5.859866714477539062e+01
-5.859736633300781250e+01
-5.866040420532226562e+01
-5.877170944213867188e+01
-5.796508407592773438e+01
-5.742239761352539062e+01
-5.708573150634765625e+01
-5.690900802612304688e+01
-5.685560989379882812e+01
-5.689646911621093750e+01
-5.700855636596679688e+01
-5.717366027832031250e+01
-5.737739944458007812e+01
-5.760846710205078125e+01
-5.785799407958984375e+01
-5.811905670166015625e+01
-5.838627243041992188e+01
-5.865549468994140625e+01
-5.892354965209960938e+01
-5.918803405761718750e+01
-5.944716262817382812e+01
-5.969962692260742188e+01
