-6.500000000000000000e+01
-6.500000000000000000e+01
-6.500000000000000000e+01
-6.500000000000000000e+01
-6.500000000000000000e+01
-6.500000000000000000e+01
-6.500000000000000000e+01
-6.500000000000000000e+01
-6.500000000000000000e+01
-6.500000000000000000e+01
-6.404650115966796875e+01
-6.237787628173828125e+01
-6.018244171142578125e+01
-5.856208801269531250e+01
-5.739499664306640625e+01
-5.658405685424804688e+01
-5.605190277099609375e+01
-5.573694610595703125e+01
-5.559020996093750000e+01
-5.461928939819335938e+01
-5.398519515991210938e+01
-5.361343383789062500e+01
-5.344475936889648438e+01
-5.343212127685546875e+01
-5.353819274902343750e+01
-5.373342514038085938e+01
-5.399446868896484375e+01
-5.430291748046875000e+01
-5.369080734252929688e+01
-5.333869552612304688e+01
-5.318770599365234375e+01
-5.319107437133789062e+01
-5.331172561645507812e+01
-5.352030181884765625e+01
-5.379361724853515625e+01
-5.411339950561523438e+01
-5.446530151367187500e+01
-5.483809280395507812e+01
-5.522303390502929688e+01
-5.561335754394531250e+01
-5.505036926269531250e+01
-5.376849746704101562e+01
-5.290658950805664062e+01
-5.237247467041015625e+01
-5.209282302856445312e+01
-5.200935745239257812e+01
-5.207583236694335938e+01
-5.225559234619140625e+01
-5.251965332031250000e+01
-5.284514617919921875e+01
-5.321406936645507812e+01
-5.361230850219726562e+01
-5.402884674072265625e+01
-5.445512771606445312e+01
-5.488455200195312500e+01
-5.531206893920898438e+01
-5.573386001586914062e+01
-5.614708328247070312e+01
-5.654965972900390625e+01
-5.694012451171875000e+01
-5.731747436523437500e+01
-5.768108749389648438e+01
-5.803062057495117188e+01
-5.836595916748046875e+01
-5.868715667724609375e+01
-5.899439620971679688e+01
-5.928795242309570312e+01
-5.956817626953125000e+01
-5.983546447753906250e+01
-6.009024810791015625e+01
-6.033298110961914062e+01
-6.056412887573242188e+01
-6.078416061401367188e+01
-6.099354171752929688e+01
-6.119273757934570312e+01
-6.138219833374023438e+01
-6.156236648559570312e+01
-6.173366928100585938e+01
-6.189652252197265625e+01
-6.205132675170898438e+01
-6.219846343994140625e+01
-6.233830261230468750e+01
-6.247119903564453125e+01
-6.259748840332031250e+01
-6.271749114990234375e+01
-6.283152008056640625e+01
-6.293986511230468750e+01
-6.304280853271484375e+01
-6.314061737060546875e+01
-6.323354721069335938e+01
-6.332183837890625000e+01
-6.340571975708007812e+01
-6.348541259765625000e+01
-6.356112670898437500e+01
-6.363305664062500000e+01
-6.370139312744140625e+01
-6.376631546020507812e+01
-6.382799148559570312e+01
-6.293308639526367188e+01
-6.227362823486328125e+01
-6.179970169067382812e+01
-6.147152328491210938e+01
-6.125739288330078125e+01
-6.113208007812500000e+01
-6.107551956176757812e+01
-6.107177734375000000e+01
-6.110821533203125000e+01
-6.117482757568359375e+01
-6.126370620727539062e+01
-6.136861419677734375e+01
-6.148465728759765625e+01
-6.160800552368164062e+01
-6.173566818237304688e+01
-6.091183471679687500e+01
-5.937310409545898438e+01
-5.825993728637695312e+01
-5.748133087158203125e+01
-5.696477890014648438e+01
-5.665254974365234375e+01
-5.649872970581054688e+01
-5.551333999633789062e+01
-5.485931015014648438e+01
-5.446365356445312500e+01
-5.426831817626953125e+01
-5.422718048095703125e+01
-5.335014343261718750e+01
-5.280009460449218750e+01
-5.250405502319335938e+01
-5.240402603149414062e+01
-5.245396423339843750e+01
-5.261737823486328125e+01
-5.286539840698242188e+01
-5.317523956298828125e+01
-5.352896499633789062e+01
-5.391250610351562500e+01
-5.431487274169921875e+01
-5.472752380371093750e+01
-5.514386367797851562e+01
-5.555884170532226562e+01
-5.596863555908203125e+01
-5.637039566040039062e+01
-5.676202774047851562e+01
-5.618854904174804688e+01
-5.584082031250000000e+01
-5.471463775634765625e+01
-5.300809097290039062e+01
-5.183103561401367188e+01
-5.106816482543945312e+01
-6.500000000000000000e+01
-6.332755279541015625e+01
-6.207321929931640625e+01
-6.114919281005859375e+01
-6.048544311523437500e+01
-6.002613830566406250e+01
-5.972680282592773438e+01
-5.955204010009765625e+01
-5.947370147705078125e+01
-5.946942520141601562e+01
-5.952148056030273438e+01
-5.961582946777343750e+01
-5.974137496948242188e+01
-5.988937759399414062e+01
-6.005296325683593750e+01
-6.022676086425781250e+01
-6.040657806396484375e+01
-6.058917236328125000e+01
-6.077205276489257812e+01
-6.095332336425781250e+01
-6.017805480957031250e+01
-5.963706970214843750e+01
-5.927955245971679688e+01
-5.906504058837890625e+01
-5.896136093139648438e+01
-5.894295120239257812e+01
-5.898953247070312500e+01
-5.908503723144531250e+01
-5.921677017211914062e+01
-5.937472152709960938e+01
-5.955101776123046875e+01
-5.973949050903320312e+01
-5.993533706665039062e+01
-6.013482666015625000e+01
-6.033509063720703125e+01
-6.053393936157226562e+01
-6.072972488403320312e+01
-6.092122650146484375e+01
-6.110755538940429688e+01
-6.128808975219726562e+01
-6.050891494750976562e+01
-5.996165084838867188e+01
-5.959611511230468750e+01
-5.937234497070312500e+01
-5.925855636596679688e+01
-5.922949218750000000e+01
-5.926511001586914062e+01
-5.934952545166015625e+01
-5.947018814086914062e+01
-5.961718750000000000e+01
-5.882923507690429688e+01
-5.829209899902343750e+01
