-6.500000000000000000e+01
-6.500000000000000000e+01
-6.500000000000000000e+01
-6.500000000000000000e+01
-6.500000000000000000e+01
-6.500000000000000000e+01
-6.500000000000000000e+01
-6.500000000000000000e+01
-6.500000000000000000e+01
-6.500000000000000000e+01
-6.500000000000000000e+01
-6.500000000000000000e+01
-6.500000000000000000e+01
-6.500000000000000000e+01
-6.500000000000000000e+01
-6.500000000000000000e+01
-6.500000000000000000e+01
-6.500000000000000000e+01
-6.500000000000000000e+01
-6.500000000000000000e+01
-6.500000000000000000e+01
-6.500000000000000000e+01
-6.500000000000000000e+01
-6.500000000000000000e+01
-6.500000000000000000e+01
-6.500000000000000000e+01
-6.500000000000000000e+01
-6.500000000000000000e+01
-6.500000000000000000e+01
-6.500000000000000000e+01
-6.500000000000000000e+01
-6.500000000000000000e+01
-6.500000000000000000e+01
-6.500000000000000000e+01
-6.500000000000000000e+01
-6.500000000000000000e+01
-6.500000000000000000e+01
-6.500000000000000000e+01
-6.500000000000000000e+01
-6.500000000000000000e+01
-6.500000000000000000e+01
-6.500000000000000000e+01
-6.500000000000000000e+01
-6.500000000000000000e+01
-6.500000000000000000e+01
-6.500000000000000000e+01
-6.500000000000000000e+01
-6.500000000000000000e+01
-6.500000000000000000e+01
-6.500000000000000000e+01
-6.500000000000000000e+01
-6.500000000000000000e+01
-6.500000000000000000e+01
-6.500000000000000000e+01
-6.500000000000000000e+01
-6.500000000000000000e+01
-6.500000000000000000e+01
-6.500000000000000000e+01
-6.500000000000000000e+01
-6.500000000000000000e+01
-6.500000000000000000e+01
-6.500000000000000000e+01
-6.500000000000000000e+01
-6.500000000000000000e+01
-6.500000000000000000e+01
-6.500000000000000000e+01
-6.500000000000000000e+01
-6.404650115966796875e+01
-6.333137512207031250e+01
-6.280456542968750000e+01
-6.242614364624023438e+01
-6.216428375244140625e+01
-6.199362564086914062e+01
-6.189398956298828125e+01
-6.184932708740234375e+01
-6.184688949584960938e+01
-6.187656784057617188e+01
-6.193035888671875000e+01
-6.200193405151367188e+01
-6.208631515502929688e+01
-6.217958068847656250e+01
-6.227866744995117188e+01
-6.238118743896484375e+01
-6.248529052734375000e+01
-6.258955383300781250e+01
-6.269289779663085938e+01
-6.279450988769531250e+01
-6.289379119873046875e+01
-6.299030685424804688e+01
-6.308375549316406250e+01
-6.317393875122070312e+01
-6.326073837280273438e+01
-6.334410095214843750e+01
-6.342401504516601562e+01
-6.350050735473632812e+01
-6.357363891601562500e+01
-6.364348220825195312e+01
-6.371012878417968750e+01
-6.377367782592773438e+01
-6.383423995971679688e+01
-6.389192199707031250e+01
-6.394684219360351562e+01
-6.399911499023437500e+01
-6.404885101318359375e+01
-6.409616088867187500e+01
-6.414115142822265625e+01
-6.418393707275390625e+01
-6.422461700439453125e+01
-6.426328277587890625e+01
-6.430004119873046875e+01
-6.433497619628906250e+01
-6.436817169189453125e+01
-6.439971923828125000e+01
-6.442970275878906250e+01
-6.445819091796875000e+01
-6.448526000976562500e+01
-6.451097869873046875e+01
-6.453541564941406250e+01
-6.455863189697265625e+01
-6.458068847656250000e+01
-6.460164642333984375e+01
-6.462155914306640625e+01
-6.464048004150390625e+01
-6.465845489501953125e+01
-6.467552947998046875e+01
-6.469174957275390625e+01
-6.470716094970703125e+01
-6.472180175781250000e+01
-6.473571014404296875e+01
-6.474892425537109375e+01
-6.476147460937500000e+01
-6.477339935302734375e+01
-6.478472900390625000e+01
-6.479549407958984375e+01
-6.480571746826171875e+01
-6.481542968750000000e+01
-6.482466125488281250e+01
-6.483342742919921875e+01
-6.484175872802734375e+01
-6.484967041015625000e+01
-6.485718536376953125e+01
-6.486432647705078125e+01
-6.487110900878906250e+01
-6.487755584716796875e+01
-6.488367462158203125e+01
-6.488948822021484375e+01
-6.489501190185546875e+01
-6.490026092529296875e+01
-6.490525054931640625e+01
-6.490998840332031250e+01
-6.491448974609375000e+01
-6.491876220703125000e+01
-6.492282104492187500e+01
-6.492668151855468750e+01
-6.493034362792968750e+01
-6.493382263183593750e+01
-6.493713378906250000e+01
-6.494027709960937500e+01
-6.494326019287109375e+01
-6.494609832763671875e+01
-6.494879150390625000e+01
-6.495135498046875000e+01
-6.495378875732421875e+01
-6.495610046386718750e+01
-6.495829772949218750e+01
-6.496038055419921875e+01
-6.496236419677734375e+01
-6.496424865722656250e+01
-6.496603393554687500e+01
-6.496773529052734375e+01
-6.496934509277343750e+01
-6.497087860107421875e+01
-6.497233581542968750e+01
-6.497371673583984375e+01
-6.497502899169921875e+01
-6.497628021240234375e+01
-6.497746276855468750e+01
-6.497859191894531250e+01
-6.497966003417968750e+01
-6.498067474365234375e+01
-6.498164367675781250e+01
-6.498255920410156250e+01
-6.498342895507812500e+01
-6.498426055908203125e+01
-6.498504638671875000e+01
-6.498579406738281250e+01
-6.498650360107421875e+01
-6.498717498779296875e+01
-6.498781585693359375e+01
-6.498842620849609375e+01
-6.498900604248046875e+01
-6.498955535888671875e+01
-6.499007415771484375e+01
-6.499057006835937500e+01
-6.499104309082031250e+01
-6.499149322509765625e+01
-6.499192047119140625e+01
-6.499232482910156250e+01
-6.499270629882812500e+01
-6.499307250976562500e+01
