-6.500000000000000000e+01
-6.500000000000000000e+01
-6.404650115966796875e+01
-6.333137512207031250e+01
-6.185106658935546875e+01
-6.075752258300781250e+01
-5.901535415649414062e+01
-5.775115203857421875e+01
-5.590934753417968750e+01
-5.364698028564453125e+01
-5.108761215209960938e+01
-6.500000000000000000e+01
-6.223590850830078125e+01
-6.016283798217773438e+01
-5.768217849731445312e+01
-5.587005615234375000e+01
-5.458414077758789062e+01
-5.371100234985351562e+01
-5.220680999755859375e+01
-5.023805618286132812e+01
-6.500000000000000000e+01
-6.333061599731445312e+01
-6.207857513427734375e+01
-6.115623855590820312e+01
-6.049370193481445312e+01
-6.003523635864257812e+01
-5.973645019531250000e+01
-5.956200790405273438e+01
-5.948381042480468750e+01
-5.852604293823242188e+01
-5.786288070678710938e+01
-5.743024826049804688e+01
-5.717714309692382812e+01
-5.706301116943359375e+01
-5.705564117431640625e+01
-5.617598342895507812e+01
-5.559568405151367188e+01
-5.524869918823242188e+01
-5.508250427246093750e+01
-5.410187149047851562e+01
-5.346557235717773438e+01
-5.214382934570312500e+01
-5.126786422729492188e+01
-6.500000000000000000e+01
-6.231168746948242188e+01
-6.029545211791992188e+01
-5.785665893554687500e+01
-5.607460784912109375e+01
-5.480950546264648438e+01
-5.394993209838867188e+01
-5.340715789794921875e+01
-5.311057662963867188e+01
-5.300407028198242188e+01
-5.304308319091796875e+01
-5.319230270385742188e+01
-5.342378616333007812e+01
-5.371547698974609375e+01
-5.405000686645507812e+01
-5.441374969482421875e+01
-5.479605484008789062e+01
-5.518864822387695312e+01
-5.558513259887695312e+01
-5.598060989379882812e+01
-5.637136459350585938e+01
-5.675462722778320312e+01
-5.712836074829101562e+01
-5.749111175537109375e+01
-5.784189224243164062e+01
-5.722656631469726562e+01
-5.683665466308593750e+01
-5.662195587158203125e+01
-5.654256439208984375e+01
-5.561330032348632812e+01
-5.404742813110351562e+01
-5.201338958740234375e+01
-5.059738540649414062e+01
-6.500000000000000000e+01
-6.367818832397460938e+01
-6.268682861328125000e+01
-6.195652770996093750e+01
-6.143193435668945312e+01
-6.011542129516601562e+01
-5.821022033691406250e+01
-5.587666320800781250e+01
-5.419439315795898438e+01
-5.302392578125000000e+01
-5.225413131713867188e+01
-5.179654693603515625e+01
-5.158081436157226562e+01
-5.059754943847656250e+01
-6.500000000000000000e+01
-6.394129562377929688e+01
-6.314727020263671875e+01
-6.256233596801757812e+01
-6.214216232299804688e+01
-6.185140991210937500e+01
-6.070842361450195312e+01
-5.988267135620117188e+01
-5.930627059936523438e+01
-5.892514419555664062e+01
-5.774273681640625000e+01
-5.596318054199218750e+01
-5.470108413696289062e+01
-5.384487915039062500e+01
-5.330571746826171875e+01
-5.301289749145507812e+01
-5.291022491455078125e+01
-5.295309066772460938e+01
-5.310613632202148438e+01
-5.334139251708984375e+01
-5.268327331542968750e+01
-5.230627059936523438e+01
-5.214668273925781250e+01
-5.120043182373046875e+01
-6.500000000000000000e+01
-6.322029113769531250e+01
-6.188550949096679688e+01
-6.090222167968750000e+01
-6.019589996337890625e+01
-5.970713806152343750e+01
-5.938860702514648438e+01
-5.920263671875000000e+01
-5.911927413940429688e+01
-5.911472320556640625e+01
-5.917012023925781250e+01
-5.927051925659179688e+01
-5.940411758422851562e+01
-5.956161117553710938e+01
-5.973569107055664062e+01
-5.992063522338867188e+01
-6.011198425292968750e+01
-6.030628967285156250e+01
-6.050090026855468750e+01
-6.069379425048828125e+01
-6.088345718383789062e+01
-6.106876754760742188e+01
-6.124891281127929688e+01
-6.142333602905273438e+01
-6.159166336059570312e+01
-6.175367736816406250e+01
-6.190927124023437500e+01
-6.110492706298828125e+01
-6.053257751464843750e+01
-6.014226531982421875e+01
-5.989420700073242188e+01
-5.975674057006835938e+01
-5.970469665527343750e+01
-5.971809768676757812e+01
-5.978110122680664062e+01
-5.988117218017578125e+01
-5.905491638183593750e+01
-5.848641204833984375e+01
-5.811948394775390625e+01
-5.790942382812500000e+01
-5.782068252563476562e+01
-5.782503509521484375e+01
-5.790009307861328125e+01
-5.802813339233398438e+01
-5.724166488647460938e+01
-5.672153091430664062e+01
-5.640901565551757812e+01
-5.625741195678710938e+01
-5.527611923217773438e+01
-5.462757492065429688e+01
-5.423840713500976562e+01
-5.405025482177734375e+01
-5.401675796508789062e+01
-5.410113143920898438e+01
-5.332074356079101562e+01
-5.284444046020507812e+01
-5.260400772094726562e+01
-5.254523849487304688e+01
-5.262512207031250000e+01
-5.280958175659179688e+01
-5.211817550659179688e+01
-5.076802444458007812e+01
-6.500000000000000000e+01
-6.296088409423828125e+01
-6.143154907226562500e+01
-6.030493927001953125e+01
-5.949566650390625000e+01
-5.893566131591796875e+01
-5.857070159912109375e+01
-5.740412521362304688e+01
-5.659348678588867188e+01
-5.606146621704101562e+01
-5.574651718139648438e+01
-5.559968948364257812e+01
-5.462860488891601562e+01
-5.399429321289062500e+01
-5.362227249145507812e+01
-5.345331573486328125e+01
-5.344037628173828125e+01
-5.354613876342773438e+01
-5.374105453491210938e+01
-5.400178146362304688e+01
-5.430991744995117188e+01
-5.465100097656250000e+01
-5.501371383666992188e+01
-5.538924026489257812e+01
