-6.500000000000000000e+01
-6.500000000000000000e+01
-6.500000000000000000e+01
-6.500000000000000000e+01
-6.500000000000000000e+01
-6.500000000000000000e+01
-6.500000000000000000e+01
-6.500000000000000000e+01
-6.500000000000000000e+01
-6.500000000000000000e+01
-6.500000000000000000e+01
-6.500000000000000000e+01
-6.500000000000000000e+01
-6.500000000000000000e+01
-6.500000000000000000e+01
-6.500000000000000000e+01
-6.500000000000000000e+01
-6.404650115966796875e+01
-6.333137512207031250e+01
-6.280456542968750000e+01
-6.242614364624023438e+01
-6.216428375244140625e+01
-6.199362564086914062e+01
-6.189398956298828125e+01
-6.184932708740234375e+01
-6.184688949584960938e+01
-6.187656784057617188e+01
-6.193035888671875000e+01
-6.200193405151367188e+01
-6.208631515502929688e+01
-6.122608184814453125e+01
-6.061004257202148438e+01
-6.018575286865234375e+01
-5.991143417358398438e+01
-5.975383758544921875e+01
-5.968652725219726562e+01
-5.968850708007812500e+01
-5.974312591552734375e+01
-5.983720397949218750e+01
-5.996033096313476562e+01
-5.915080642700195312e+01
-5.859405899047851562e+01
-5.823498916625976562e+01
-5.802974700927734375e+01
-5.794346618652343750e+01
-5.794845581054687500e+01
-5.802276611328125000e+01
-5.814901351928710938e+01
-5.831347274780273438e+01
-5.850532531738281250e+01
-5.871607971191406250e+01
-5.893909454345703125e+01
-5.916919326782226562e+01
-5.940237808227539062e+01
-5.963557434082031250e+01
-5.986644744873046875e+01
-6.009324645996093750e+01
-6.031468200683593750e+01
-6.052982711791992188e+01
-6.073803710937500000e+01
-5.998539733886718750e+01
-5.946353530883789062e+01
-5.912228775024414062e+01
-5.892171478271484375e+01
-5.883006286621093750e+01
-5.882210540771484375e+01
-5.887783813476562500e+01
-5.898141479492187500e+01
-5.912031936645507812e+01
-5.928468322753906250e+01
-5.946675491333007812e+01
-5.966046142578125000e+01
-5.986107254028320312e+01
-6.006492614746093750e+01
-6.026920700073242188e+01
-6.047176742553710938e+01
-5.971749496459960938e+01
-5.919707489013671875e+01
-5.885958480834960938e+01
-5.866449737548828125e+01
-5.857958602905273438e+01
-5.857925796508789062e+01
-5.864321517944335938e+01
-5.875539016723632812e+01
-5.890308761596679688e+01
-5.907630920410156250e+01
-5.831369400024414062e+01
-5.780096817016601562e+01
-5.748328781127929688e+01
-5.731701660156250000e+01
-5.726748275756835938e+01
-5.730715942382812500e+01
-5.741424179077148438e+01
-5.757148361206054688e+01
-5.776527404785156250e+01
-5.798490142822265625e+01
-5.822196960449218750e+01
-5.846992111206054688e+01
-5.872366333007812500e+01
-5.897927093505859375e+01
-5.923374176025390625e+01
-5.948480224609375000e+01
-5.973075866699218750e+01
-5.997037887573242188e+01
-6.020278549194335938e+01
-6.042738723754882812e+01
-6.064381027221679688e+01
-6.085185241699218750e+01
-6.105144882202148438e+01
-6.124262619018554688e+01
-6.047199630737304688e+01
-5.993159484863281250e+01
-5.957157516479492188e+01
-5.935224533081054688e+01
-5.924203109741210938e+01
-5.921584701538085938e+01
-5.925378799438476562e+01
-5.934008789062500000e+01
-5.946227264404296875e+01
-5.961051177978515625e+01
-5.977706909179687500e+01
-5.995587921142578125e+01
-6.014221572875976562e+01
-5.937891006469726562e+01
-5.885501098632812500e+01
-5.851829528808593750e+01
-5.832720947265625000e+01
-5.824871063232421875e+01
-5.825656509399414062e+01
-5.832996749877929688e+01
-5.845245361328125000e+01
-5.861101913452148438e+01
-5.879541778564453125e+01
-5.899760818481445312e+01
-5.921129608154296875e+01
-5.943158721923828125e+01
-5.965469360351562500e+01
-5.987770462036132812e+01
-6.009841537475585938e+01
-5.936167144775390625e+01
-5.885813140869140625e+01
-5.853685760498046875e+01
-5.835732269287109375e+01
-5.828730392456054688e+01
-5.830121612548828125e+01
-5.837877655029296875e+01
-5.850393295288085938e+01
-5.866401290893554688e+01
-5.884903335571289062e+01
-5.905115890502929688e+01
-5.926426315307617188e+01
-5.948358154296875000e+01
-5.875192642211914062e+01
-5.825835037231445312e+01
-5.795064926147460938e+01
-5.778728866577148438e+01
-5.773526382446289062e+01
-5.776837158203125000e+01
-5.786584854125976562e+01
-5.801127243041992188e+01
-5.819168090820312500e+01
-5.839687728881835938e+01
-5.861885833740234375e+01
-5.885137557983398438e+01
-5.908957290649414062e+01
-5.932970809936523438e+01
-5.861541366577148438e+01
-5.813639450073242188e+01
-5.784097671508789062e+01
-5.768804931640625000e+01
-5.764494323730468750e+01
-5.768573379516601562e+01
-5.778987884521484375e+01
-5.794112777709960938e+01
-5.812666702270507812e+01
-5.833641052246093750e+01
-5.856245040893554688e+01
-5.879861831665039062e+01
-5.904011917114257812e+01
-5.928325653076171875e+01
-5.952521133422851562e+01
-5.976384353637695312e+01
-5.999756622314453125e+01
-6.022521972656250000e+01
-6.044598388671875000e+01
-6.065930557250976562e+01
-6.086483764648437500e+01
-6.106239318847656250e+01
-6.125191116333007812e+01
-6.143342590332031250e+01
-6.160704421997070312e+01
-6.177292251586914062e+01
-6.097776031494140625e+01
-6.041365814208984375e+01
-6.003080368041992188e+01
-5.978952789306640625e+01
-5.965826416015625000e+01
-5.961191940307617188e+01
-5.963057708740234375e+01
-5.969845199584960938e+01
