-6.500000000000000000e+01
-6.500000000000000000e+01
-6.500000000000000000e+01
-6.500000000000000000e+01
-6.500000000000000000e+01
-6.500000000000000000e+01
-6.500000000000000000e+01
-6.500000000000000000e+01
-6.500000000000000000e+01
-6.500000000000000000e+01
-6.500000000000000000e+01
-6.500000000000000000e+01
-6.500000000000000000e+01
-6.500000000000000000e+01
-6.500000000000000000e+01
-6.500000000000000000e+01
-6.500000000000000000e+01
-6.404650115966796875e+01
-6.333137512207031250e+01
-6.280456542968750000e+01
-6.242614364624023438e+01
-6.216428375244140625e+01
-6.199362564086914062e+01
-6.189398956298828125e+01
-6.184932708740234375e+01
-6.184688949584960938e+01
-6.187656784057617188e+01
-6.193035888671875000e+01
-6.200193405151367188e+01
-6.208631515502929688e+01
-6.217958068847656250e+01
-6.227866744995117188e+01
-6.238118743896484375e+01
-6.248529052734375000e+01
-6.258955383300781250e+01
-6.269289779663085938e+01
-6.279450988769531250e+01
-6.289379119873046875e+01
-6.299030685424804688e+01
-6.308375549316406250e+01
-6.317393875122070312e+01
-6.326073837280273438e+01
-6.334410095214843750e+01
-6.342401504516601562e+01
-6.350050735473632812e+01
-6.357363891601562500e+01
-6.364348220825195312e+01
-6.371012878417968750e+01
-6.377367782592773438e+01
-6.383423995971679688e+01
-6.389192199707031250e+01
-6.394684219360351562e+01
-6.399911499023437500e+01
-6.404885101318359375e+01
-6.409616088867187500e+01
-6.414115142822265625e+01
-6.418393707275390625e+01
-6.422461700439453125e+01
-6.426328277587890625e+01
-6.334653854370117188e+01
-6.266634750366210938e+01
-6.217273712158203125e+01
-6.182586669921875000e+01
-6.159398651123046875e+01
-6.145181655883789062e+01
-6.137924957275390625e+01
-6.136030578613281250e+01
-6.138230514526367188e+01
-6.143520355224609375e+01
-6.151105499267578125e+01
-6.160359191894531250e+01
-6.170788192749023438e+01
-6.182006454467773438e+01
-6.193712234497070312e+01
-6.205671691894531250e+01
-6.217704010009765625e+01
-6.229671478271484375e+01
-6.241469955444335938e+01
-6.253022384643554688e+01
-6.264271926879882812e+01
-6.179828643798828125e+01
-6.118853759765625000e+01
-6.076324081420898438e+01
-6.048238372802734375e+01
-6.031410980224609375e+01
-6.023307800292968750e+01
-6.021916580200195312e+01
-6.025640106201171875e+01
-6.033213424682617188e+01
-6.043637084960937500e+01
-5.960772705078125000e+01
-5.903187942504882812e+01
-5.865391540527343750e+01
-5.843012619018554688e+01
-5.832574462890625000e+01
-5.831315612792968750e+01
-5.837045669555664062e+01
-5.848030090332031250e+01
-5.862897872924804688e+01
-5.880568695068359375e+01
-5.900192642211914062e+01
-5.921104812622070312e+01
-5.942787170410156250e+01
-5.964838027954101562e+01
-5.986948013305664062e+01
-6.008882141113281250e+01
-6.030463409423828125e+01
-5.956210327148437500e+01
-5.905215835571289062e+01
-5.872407913208007812e+01
-5.853749847412109375e+01
-5.846032333374023438e+01
-5.846706771850585938e+01
-5.853752136230468750e+01
-5.865569305419921875e+01
-5.880894470214843750e+01
-5.898732757568359375e+01
-5.918302536010742188e+01
-5.938992309570312500e+01
-5.960326766967773438e+01
-5.981937789916992188e+01
-6.003542709350585938e+01
-6.024927139282226562e+01
-5.950579833984375000e+01
-5.899570083618164062e+01
-5.866807174682617188e+01
-5.848239135742187500e+01
-5.840645217895507812e+01
-5.841467285156250000e+01
-5.848677444458007812e+01
-5.860670471191406250e+01
-5.876178359985351562e+01
-5.894202423095703125e+01
-5.818608856201171875e+01
-5.767971801757812500e+01
-5.736807632446289062e+01
-5.720755004882812500e+01
-5.716347503662109375e+01
-5.720834350585937500e+01
-5.732035827636718750e+01
-5.748228836059570312e+01
-5.768053054809570312e+01
-5.790438842773437500e+01
-5.814547729492187500e+01
-5.839725112915039062e+01
-5.865462493896484375e+01
-5.891368484497070312e+01
-5.917143249511718750e+01
-5.942560577392578125e+01
-5.967452239990234375e+01
-5.991695404052734375e+01
-6.015203094482421875e+01
-6.037916946411132812e+01
-6.059800338745117188e+01
-6.080833816528320312e+01
-6.005661010742187500e+01
-5.953472900390625000e+01
-5.919275283813476562e+01
-5.899092483520507812e+01
-5.889762496948242188e+01
-5.888774108886718750e+01
-5.894135284423828125e+01
-5.904268264770507812e+01
-5.917926788330078125e+01
-5.934127807617187500e+01
-5.952099227905273438e+01
-5.971236801147460938e+01
-5.991069030761718750e+01
-6.011230850219726562e+01
-6.031441497802734375e+01
-6.051486968994140625e+01
-6.071206665039062500e+01
-6.090481567382812500e+01
-6.109225845336914062e+01
-6.127379226684570312e+01
-6.144902038574218750e+01
-6.161770248413085938e+01
-6.177972412109375000e+01
-6.193506240844726562e+01
-6.208377075195312500e+01
-6.127244949340820312e+01
-6.069312286376953125e+01
-6.029590225219726562e+01
-6.004105377197265625e+01
-5.989696121215820312e+01
-5.983848190307617188e+01
-5.984564971923828125e+01
-5.990264129638671875e+01
-5.999692916870117188e+01
-6.011861801147460938e+01
-5.930641555786132812e+01
-5.874607849121093750e+01
-5.838275909423828125e+01
-5.817280960083007812e+01
-5.808152008056640625e+01
-5.808132553100585938e+01
-5.815036392211914062e+01
-5.827132797241210938e+01
-5.843054962158203125e+01
-5.861725234985351562e+01
