-6.500000000000000000e+01
-6.500000000000000000e+01
-6.146408081054687500e+01
-5.874154663085937500e+01
-5.579257202148437500e+01
-5.269329833984375000e+01
-5.038836669921875000e+01
-6.500000000000000000e+01
-6.144494628906250000e+01
-5.870770263671875000e+01
-5.574755859375000000e+01
-5.352398681640625000e+01
-5.100973510742187500e+01
-6.500000000000000000e+01
-6.205554199218750000e+01
-5.978842163085937500e+01
-5.806887817382812500e+01
-5.679095458984375000e+01
-5.498428344726562500e+01
-5.366580200195312500e+01
-5.185516357421875000e+01
-6.500000000000000000e+01
-6.269204711914062500e+01
-6.091503906250000000e+01
-5.868322753906250000e+01
-5.700094604492187500e+01
-5.487750244140625000e+01
-5.331326293945312500e+01
-5.219836425781250000e+01
-5.144323730468750000e+01
-5.097500610351562500e+01
-5.073431396484375000e+01
-5.067297363281250000e+01
-6.500000000000000000e+01
-6.288482666015625000e+01
-6.125622558593750000e+01
-6.002099609375000000e+01
-5.821902465820312500e+01
-5.687557983398437500e+01
-5.590115356445312500e+01
-5.522271728515625000e+01
-5.478079223632812500e+01
-5.452697753906250000e+01
-5.353790283203125000e+01
-5.198495483398437500e+01
-5.089056396484375000e+01
-6.500000000000000000e+01
-6.223324584960937500e+01
-6.010293579101562500e+01
-5.848715209960937500e+01
-5.728637695312500000e+01
-5.641940307617187500e+01
-5.582003784179687500e+01
-5.455044555664062500e+01
-5.365408325195312500e+01
-5.305630493164062500e+01
-5.269635009765625000e+01
-5.252481079101562500e+01
-5.161749267578125000e+01
-5.014520263671875000e+01
-6.500000000000000000e+01
-6.196789550781250000e+01
-5.963330078125000000e+01
-5.697860717773437500e+01
-5.409802246093750000e+01
-5.195098876953125000e+01
-6.500000000000000000e+01
-6.248071289062500000e+01
-6.054095458984375000e+01
-5.906970214843750000e+01
-5.797631835937500000e+01
-5.718688964843750000e+01
-5.575717163085937500e+01
-5.472543334960937500e+01
-5.312875366210937500e+01
-5.199023437500000000e+01
-5.121856689453125000e+01
-5.073944091796875000e+01
-5.049237060546875000e+01
-5.042819213867187500e+01
-5.050704956054687500e+01
-5.069659423828125000e+01
-5.097064208984375000e+01
-5.042410278320312500e+01
-6.500000000000000000e+01
-6.345126342773437500e+01
-6.137481689453125000e+01
-5.890573120117187500e+01
-5.703671264648437500e+01
-5.565151977539062500e+01
-5.377139282226562500e+01
-5.240640258789062500e+01
-5.145468139648437500e+01
-5.083325195312500000e+01
-5.047451782226562500e+01
-5.032354736328125000e+01
-5.033572387695312500e+01
-5.047485351562500000e+01
-5.071160888671875000e+01
-5.013833618164062500e+01
-6.500000000000000000e+01
-6.414865112304687500e+01
-6.260916137695312500e+01
-6.054736328125000000e+01
-5.898098754882812500e+01
-5.781433105468750000e+01
-5.696926879882812500e+01
-5.638211059570312500e+01
-5.600103759765625000e+01
-5.489984130859375000e+01
-5.324749755859375000e+01
-5.118057250976562500e+01
-6.500000000000000000e+01
-6.323034667968750000e+01
-6.186779785156250000e+01
-6.083432006835937500e+01
-6.006628417968750000e+01
-5.951174926757812500e+01
-5.912841796875000000e+01
-5.888180541992187500e+01
-5.874383544921875000e+01
-5.869171142578125000e+01
-5.870687866210937500e+01
-5.789035034179687500e+01
-5.643328857421875000e+01
-5.537426757812500000e+01
-5.375057983398437500e+01
-5.170150756835937500e+01
-5.022323608398437500e+01
-6.500000000000000000e+01
-6.357440185546875000e+01
-6.247677612304687500e+01
-6.164422607421875000e+01
-6.102551269531250000e+01
-5.969482421875000000e+01
-5.870538330078125000e+01
-5.799047851562500000e+01
-5.749569702148437500e+01
-5.629269409179687500e+01
-5.543276977539062500e+01
-5.396365356445312500e+01
-5.203308105468750000e+01
-5.064416503906250000e+01
-6.500000000000000000e+01
-6.364514160156250000e+01
-6.260195922851562500e+01
-6.092675781250000000e+01
-5.965814208984375000e+01
-5.871737670898437500e+01
-5.715625000000000000e+01
-5.512582397460937500e+01
-5.274780273437500000e+01
-5.100411987304687500e+01
-6.500000000000000000e+01
-6.270690917968750000e+01
-6.094131469726562500e+01
-5.960217285156250000e+01
-5.860696411132812500e+01
-5.788839721679687500e+01
-5.650765991210937500e+01
-5.550741577148437500e+01
-5.481234741210937500e+01
-5.436111450195312500e+01
-5.410372924804687500e+01
-5.399960327148437500e+01
-5.401577758789062500e+01
-5.412548828125000000e+01
-5.430706787109375000e+01
-5.365902709960937500e+01
-5.237060546875000000e+01
-5.147882080078125000e+01
-5.090383911132812500e+01
-5.058065795898437500e+01
-5.045645141601562500e+01
-5.048828125000000000e+01
-5.064138793945312500e+01
-5.088757324218750000e+01
-5.120407104492187500e+01
-5.068853759765625000e+01
-5.041354370117187500e+01
-5.032833862304687500e+01
-5.039166259765625000e+01
-6.500000000000000000e+01
-6.383911132812500000e+01
-6.294528198242187500e+01
-6.226736450195312500e+01
-6.087954711914062500e+01
-5.983517456054687500e+01
-5.818347167968750000e+01
-5.695736694335937500e+01
-5.607360839843750000e+01
-5.546423339843750000e+01
-5.507397460937500000e+01
-5.397381591796875000e+01
-5.321447753906250000e+01
-5.184329223632812500e+01
-5.089172363281250000e+01
-5.027536010742187500e+01
-6.500000000000000000e+01
-6.412567138671875000e+01
