-6.500000000000000000e+01
-6.500000000000000000e+01
-6.146408081054687500e+01
-5.785754394531250000e+01
-5.511190795898437500e+01
-5.217703247070312500e+01
-5.000469970703125000e+01
-6.500000000000000000e+01
-6.312469482421875000e+01
-6.079678344726562500e+01
-5.902096557617187500e+01
-5.680682373046875000e+01
-5.515487670898437500e+01
-5.395535278320312500e+01
-5.311880493164062500e+01
-5.168835449218750000e+01
-6.500000000000000000e+01
-6.292901611328125000e+01
-6.133447265625000000e+01
-6.012503051757812500e+01
-5.922622680664062500e+01
-5.857730102539062500e+01
-5.812869262695312500e+01
-5.695608520507812500e+01
-5.522998046875000000e+01
-5.397204589843750000e+01
-5.220587158203125000e+01
-5.094348144531250000e+01
-5.008459472656250000e+01
-6.500000000000000000e+01
-6.235705566406250000e+01
-6.032211303710937500e+01
-5.877862548828125000e+01
-5.763156127929687500e+01
-5.680337524414062500e+01
-5.534683227539062500e+01
-5.429782104492187500e+01
-5.269149780273437500e+01
-5.066528320312500000e+01
-6.500000000000000000e+01
-6.251571655273437500e+01
-6.060290527343750000e+01
-5.915209960937500000e+01
-5.807391357421875000e+01
-5.729544067382812500e+01
-5.675726318359375000e+01
-5.641101074218750000e+01
-5.621728515625000000e+01
-5.614407348632812500e+01
-5.616534423828125000e+01
-5.626004028320312500e+01
-5.641107177734375000e+01
-5.660461425781250000e+01
-5.594558715820312500e+01
-5.551239013671875000e+01
-5.437490844726562500e+01
-5.358297729492187500e+01
-5.218316650390625000e+01
-5.032229614257812500e+01
-6.500000000000000000e+01
-6.333367919921875000e+01
-6.205065917968750000e+01
-6.019354248046875000e+01
-5.790573120117187500e+01
-5.618670654296875000e+01
-5.492584228515625000e+01
-5.403295898437500000e+01
-5.343453979492187500e+01
-5.218673706054687500e+01
-5.132821655273437500e+01
-5.078045654296875000e+01
-5.047958374023437500e+01
-5.037365722656250000e+01
-5.042047119140625000e+01
-6.500000000000000000e+01
-6.382949829101562500e+01
-6.204428100585937500e+01
-6.068008422851562500e+01
-5.877185058593750000e+01
-5.645681762695312500e+01
-5.472940063476562500e+01
-5.347488403320312500e+01
-5.259976196289062500e+01
-5.202786254882812500e+01
-5.081314086914062500e+01
-6.500000000000000000e+01
-6.215399169921875000e+01
-5.996270751953125000e+01
-5.741668701171875000e+01
-5.550088500976562500e+01
-5.409283447265625000e+01
-5.309268188476562500e+01
-5.241903686523437500e+01
-5.200564575195312500e+01
-5.179855346679687500e+01
-5.175399780273437500e+01
-5.183639526367187500e+01
-5.201693725585937500e+01
-5.227230834960937500e+01
-5.258374023437500000e+01
-5.293603515625000000e+01
-5.331704711914062500e+01
-5.283309936523437500e+01
-5.256375122070312500e+01
-5.246392822265625000e+01
-5.249700927734375000e+01
-5.174932861328125000e+01
-5.040017700195312500e+01
-6.500000000000000000e+01
-6.366250610351562500e+01
-6.174868774414062500e+01
-6.028695678710937500e+01
-5.919024658203125000e+01
-5.750350952148437500e+01
-5.625613403320312500e+01
-5.536196899414062500e+01
-5.386682128906250000e+01
-5.280081176757812500e+01
-5.207846069335937500e+01
-5.163015747070312500e+01
-5.051519775390625000e+01
-6.500000000000000000e+01
-6.293161010742187500e+01
-6.133905029296875000e+01
-6.013110351562500000e+01
-5.923339843750000000e+01
-5.770126342773437500e+01
-5.657257080078125000e+01
-5.576803588867187500e+01
-5.433911132812500000e+01
-5.332049560546875000e+01
-5.263046264648437500e+01
-5.220239257812500000e+01
-5.198217773437500000e+01
-5.192575073242187500e+01
-5.199737548828125000e+01
-5.128411865234375000e+01
-6.500000000000000000e+01
-6.337310791015625000e+01
-6.123648071289062500e+01
-5.960577392578125000e+01
-5.838345336914062500e+01
-5.748999023437500000e+01
-5.597659301757812500e+01
-5.399371337890625000e+01
-5.254675292968750000e+01
-5.152993774414062500e+01
-5.085711669921875000e+01
-5.045816040039062500e+01
-5.027600097656250000e+01
-6.500000000000000000e+01
-6.279479980468750000e+01
-6.109689331054687500e+01
-5.980908203125000000e+01
-5.885202026367187500e+01
-5.816104125976562500e+01
-5.768334960937500000e+01
-5.737603759765625000e+01
-5.632009887695312500e+01
-5.557446289062500000e+01
-5.507708740234375000e+01
-5.389349365234375000e+01
-5.218591308593750000e+01
-5.096932983398437500e+01
-6.500000000000000000e+01
-6.304190063476562500e+01
-6.153424072265625000e+01
-5.950671386718750000e+01
-5.709225463867187500e+01
-5.528176879882812500e+01
-5.395770263671875000e+01
-5.302413940429687500e+01
-5.240292358398437500e+01
-5.203048706054687500e+01
-5.097109985351562500e+01
-5.027008056640625000e+01
-6.500000000000000000e+01
-6.407153320312500000e+01
-6.335665893554687500e+01
-6.193045043945312500e+01
-6.084686279296875000e+01
-6.003970336914062500e+01
-5.945495605468750000e+01
-5.904858398437500000e+01
-5.878472900390625000e+01
-5.863418579101562500e+01
-5.857324218750000000e+01
-5.858258056640625000e+01
-5.776260375976562500e+01
-5.718798828125000000e+01
-5.680953979492187500e+01
-5.570321655273437500e+01
-5.492379760742187500e+01
-5.440585327148437500e+01
-5.409616088867187500e+01
-5.395135498046875000e+01
-5.393627929687500000e+01
-5.402236938476562500e+01
-5.418646240234375000e+01
-5.352587890625000000e+01
