-6.500000000000000000e+01
-6.500000000000000000e+01
-6.146408081054687500e+01
-5.785754394531250000e+01
-5.511190795898437500e+01
-5.217703247070312500e+01
-5.000469970703125000e+01
-6.500000000000000000e+01
-6.240093994140625000e+01
-5.951577758789062500e+01
-5.643328857421875000e+01
-5.322439575195312500e+01
-6.500000000000000000e+01
-6.184524536132812500e+01
-5.941622924804687500e+01
-5.668988037109375000e+01
-5.464004516601562500e+01
-5.313522338867187500e+01
-5.206817626953125000e+01
-5.046749877929687500e+01
-6.500000000000000000e+01
-6.278054809570312500e+01
-6.107168579101562500e+01
-5.977554321289062500e+01
-5.881231689453125000e+01
-5.811688232421875000e+01
-5.763610839843750000e+01
-5.732681274414062500e+01
-5.715377807617187500e+01
-5.708837890625000000e+01
-5.622338867187500000e+01
-5.562734985351562500e+01
-5.524603271484375000e+01
-5.503527832031250000e+01
-5.495925903320312500e+01
-5.498883056640625000e+01
-5.421636962890625000e+01
-5.371011352539062500e+01
-5.341564941406250000e+01
-5.328872680664062500e+01
-5.240945434570312500e+01
-5.183596801757812500e+01
-5.062170410156250000e+01
-6.500000000000000000e+01
-6.287179565429687500e+01
-6.034915161132812500e+01
-5.842562866210937500e+01
-5.610171508789062500e+01
-5.437054443359375000e+01
-5.311627197265625000e+01
-5.224450683593750000e+01
-5.167834472656250000e+01
-5.135519409179687500e+01
-5.122418212890625000e+01
-5.124392700195312500e+01
-5.138092041015625000e+01
-5.160803222656250000e+01
-5.190328979492187500e+01
-5.224905395507812500e+01
-5.263104248046875000e+01
-5.303790283203125000e+01
-5.346051025390625000e+01
-5.389166259765625000e+01
-5.432565307617187500e+01
-5.475802612304687500e+01
-5.518530273437500000e+01
-5.560482788085937500e+01
-5.601461791992187500e+01
-5.641320800781250000e+01
-5.591555786132812500e+01
-5.560830688476562500e+01
-5.545205688476562500e+01
-5.541479492187500000e+01
-5.458651733398437500e+01
-5.314950561523437500e+01
-5.125112915039062500e+01
-6.500000000000000000e+01
-6.334011840820312500e+01
-6.206207275390625000e+01
-6.109271240234375000e+01
-6.037231445312500000e+01
-5.985217285156250000e+01
-5.860861206054687500e+01
-5.681265258789062500e+01
-5.460235595703125000e+01
-5.297290039062500000e+01
-5.181021118164062500e+01
-5.102130126953125000e+01
-5.053048706054687500e+01
-5.027615356445312500e+01
-6.500000000000000000e+01
-6.363278198242187500e+01
-6.258010864257812500e+01
-6.178167724609375000e+01
-6.118832397460937500e+01
-6.075991821289062500e+01
-6.046377563476562500e+01
-5.938925170898437500e+01
-5.860202026367187500e+01
-5.804550170898437500e+01
-5.767358398437500000e+01
-5.656472778320312500e+01
-5.489172363281250000e+01
-5.367813110351562500e+01
-5.283306884765625000e+01
-5.228250122070312500e+01
-5.196615600585937500e+01
-5.183502197265625000e+01
-5.184927368164062500e+01
-5.197662353515625000e+01
-5.219091796875000000e+01
-5.158706665039062500e+01
-5.123538208007812500e+01
-5.108319091796875000e+01
-5.020367431640625000e+01
-6.500000000000000000e+01
-6.323178100585937500e+01
-6.187033081054687500e+01
-6.083773803710937500e+01
-6.007034301757812500e+01
-5.951626586914062500e+01
-5.913323974609375000e+01
-5.888684082031250000e+01
-5.874896240234375000e+01
-5.869686889648437500e+01
-5.871203613281250000e+01
-5.877944946289062500e+01
-5.888693237304687500e+01
-5.902468872070312500e+01
-5.918481445312500000e+01
-5.936093139648437500e+01
-5.954797363281250000e+01
-5.974182128906250000e+01
-5.993930053710937500e+01
-6.013781738281250000e+01
-6.033541870117187500e+01
-6.053054809570312500e+01
-6.072204589843750000e+01
-6.090902709960937500e+01
-6.109082031250000000e+01
-6.126693725585937500e+01
-6.143713378906250000e+01
-6.071719360351562500e+01
-6.019439697265625000e+01
-5.982971191406250000e+01
-5.959143066406250000e+01
-5.945367431640625000e+01
-5.939544677734375000e+01
-5.939965820312500000e+01
-5.945242309570312500e+01
-5.954257202148437500e+01
-5.877703857421875000e+01
-5.823587036132812500e+01
-5.787417602539062500e+01
-5.765551757812500000e+01
-5.755014038085937500e+01
-5.753393554687500000e+01
-5.758734130859375000e+01
-5.769448852539062500e+01
-5.695852661132812500e+01
-5.645645141601562500e+01
-5.614096069335937500e+01
-5.597357177734375000e+01
-5.503903198242187500e+01
-5.439929199218750000e+01
-5.399478149414062500e+01
-5.377703857421875000e+01
-5.370666503906250000e+01
-5.375170898437500000e+01
-5.300225830078125000e+01
-5.252462768554687500e+01
-5.226293945312500000e+01
-5.217172241210937500e+01
-5.221411132812500000e+01
-5.236016845703125000e+01
-5.170166015625000000e+01
-5.042239379882812500e+01
-6.500000000000000000e+01
-6.298406982421875000e+01
-6.143188476562500000e+01
-6.025460815429687500e+01
-5.937969970703125000e+01
-5.874801635742187500e+01
-5.831134033203125000e+01
-5.714639282226562500e+01
-5.630856323242187500e+01
-5.573287963867187500e+01
-5.536648559570312500e+01
-5.516632080078125000e+01
-5.421337890625000000e+01
-5.356658935546875000e+01
-5.316397094726562500e+01
-5.295504760742187500e+01
-5.289883422851562500e+01
-5.296203613281250000e+01
-5.311770629882812500e+01
-5.334399414062500000e+01
-5.362326049804687500e+01
-5.394134521484375000e+01
-5.428683471679687500e+01
