-6.500000000000000000e+01
-6.500000000000000000e+01
-6.500000000000000000e+01
-6.500000000000000000e+01
-6.500000000000000000e+01
-6.500000000000000000e+01
-6.500000000000000000e+01
-6.500000000000000000e+01
-6.411599731445312500e+01
-6.343536376953125000e+01
-6.291912841796875000e+01
-6.253549194335937500e+01
-6.225851440429687500e+01
-6.206704711914062500e+01
-6.194387817382812500e+01
-6.187500000000000000e+01
-6.096499633789062500e+01
-6.029196166992187500e+01
-5.980944824218750000e+01
-5.947955322265625000e+01
-5.927145385742187500e+01
-5.916000366210937500e+01
-5.912484741210937500e+01
-5.914941406250000000e+01
-5.922027587890625000e+01
-5.932656860351562500e+01
-5.945953369140625000e+01
-5.961209106445312500e+01
-5.977853393554687500e+01
-5.995434570312500000e+01
-6.013589477539062500e+01
-6.032028198242187500e+01
-5.962127685546875000e+01
-5.912445068359375000e+01
-5.878945922851562500e+01
-5.858346557617187500e+01
-5.847976684570312500e+01
-5.845666503906250000e+01
-5.849652099609375000e+01
-5.858505249023437500e+01
-5.782675170898437500e+01
-5.729962158203125000e+01
-5.695715332031250000e+01
-5.676156616210937500e+01
-5.668206787109375000e+01
-5.669369506835937500e+01
-5.677618408203125000e+01
-5.691314697265625000e+01
-5.709130859375000000e+01
-5.729998779296875000e+01
-5.753057861328125000e+01
-5.777621459960937500e+01
-5.803140258789062500e+01
-5.829174804687500000e+01
-5.855380249023437500e+01
-5.881491088867187500e+01
-5.907293701171875000e+01
-5.932629394531250000e+01
-5.957379150390625000e+01
-5.981451416015625000e+01
-6.004785156250000000e+01
-6.027334594726562500e+01
-5.960678100585937500e+01
-5.913534545898437500e+01
-5.882003784179687500e+01
-5.862911987304687500e+01
-5.853677368164062500e+01
-5.852200317382812500e+01
-5.856777954101562500e+01
-5.866030883789062500e+01
-5.878842163085937500e+01
-5.894311523437500000e+01
-5.911715698242187500e+01
-5.930471801757812500e+01
-5.950112915039062500e+01
-5.970272827148437500e+01
-5.990658569335937500e+01
-6.011038208007812500e+01
-6.031231689453125000e+01
-6.051104736328125000e+01
-6.070550537109375000e+01
-6.089492797851562500e+01
-6.107873535156250000e+01
-6.125656127929687500e+01
-6.054415893554687500e+01
-6.002874755859375000e+01
-5.967129516601562500e+01
-5.944006347656250000e+01
-5.930911254882812500e+01
-5.925744628906250000e+01
-5.926797485351562500e+01
-5.932687377929687500e+01
-5.942291259765625000e+01
-5.954699707031250000e+01
-5.969186401367187500e+01
-5.985162353515625000e+01
-6.002157592773437500e+01
-6.019793701171875000e+01
-6.037774658203125000e+01
-6.055865478515625000e+01
-6.073880004882812500e+01
-6.091677856445312500e+01
-6.109149169921875000e+01
-6.126211547851562500e+01
-6.142803955078125000e+01
-6.158886718750000000e+01
-6.174429321289062500e+01
-6.189413452148437500e+01
-6.203829956054687500e+01
-6.217675781250000000e+01
-6.230957031250000000e+01
-6.243679809570312500e+01
-6.255856323242187500e+01
-6.267498779296875000e+01
-6.190222167968750000e+01
-6.132778930664062500e+01
-6.091290283203125000e+01
-6.062594604492187500e+01
-6.044113159179687500e+01
-6.033752441406250000e+01
-6.029803466796875000e+01
-6.030886840820312500e+01
-6.035879516601562500e+01
-6.043872070312500000e+01
-6.054132080078125000e+01
-6.066064453125000000e+01
-6.079193115234375000e+01
-6.093139648437500000e+01
-6.107601928710937500e+01
-6.122332763671875000e+01
-6.137145996093750000e+01
-6.151892089843750000e+01
-6.166455078125000000e+01
-6.180746459960937500e+01
-6.194702148437500000e+01
-6.208270263671875000e+01
-6.221417236328125000e+01
-6.234121704101562500e+01
-6.157968139648437500e+01
-6.101684570312500000e+01
-6.061370849609375000e+01
-6.033853149414062500e+01
-6.016543579101562500e+01
-6.007339477539062500e+01
-6.004528808593750000e+01
-6.006719970703125000e+01
-5.924386596679687500e+01
-5.865353393554687500e+01
-5.824990844726562500e+01
-5.799523925781250000e+01
-5.785882568359375000e+01
-5.781573486328125000e+01
-5.784570312500000000e+01
-5.793231201171875000e+01
-5.806228637695312500e+01
-5.822485351562500000e+01
-5.841134643554687500e+01
-5.861486816406250000e+01
-5.882983398437500000e+01
-5.905181884765625000e+01
-5.927728271484375000e+01
-5.950347900390625000e+01
-5.884423828125000000e+01
-5.838525390625000000e+01
-5.808630371093750000e+01
-5.791461181640625000e+01
-5.784353637695312500e+01
-5.785147094726562500e+01
-5.792083740234375000e+01
-5.803744506835937500e+01
-5.818984985351562500e+01
-5.836874389648437500e+01
-5.856668090820312500e+01
-5.877770996093750000e+01
-5.899707031250000000e+01
-5.922097778320312500e+01
-5.944647216796875000e+01
-5.967117309570312500e+01
-5.989328002929687500e+01
-6.011141967773437500e+01
-6.032452392578125000e+01
-6.053182983398437500e+01
-6.073278808593750000e+01
-6.092703247070312500e+01
-6.111431884765625000e+01
-6.129452514648437500e+01
-6.146765136718750000e+01
-6.163372802734375000e+01
-6.179284667968750000e+01
-6.194512939453125000e+01
-6.209075927734375000e+01
-6.222991943359375000e+01
-6.236279296875000000e+01
-6.248959350585937500e+01
-6.172656250000000000e+01
-6.116125488281250000e+01
-6.075491333007812500e+01
-6.047601318359375000e+01
-6.029879760742187500e+01
-6.020236206054687500e+01
