-6.500000000000000000e+01
-6.500000000000000000e+01
-6.500000000000000000e+01
-6.500000000000000000e+01
-6.500000000000000000e+01
-6.500000000000000000e+01
-6.500000000000000000e+01
-6.500000000000000000e+01
-6.411599731445312500e+01
-6.343536376953125000e+01
-6.291912841796875000e+01
-6.253549194335937500e+01
-6.225851440429687500e+01
-6.206704711914062500e+01
-6.194387817382812500e+01
-6.187500000000000000e+01
-6.184899902343750000e+01
-6.185662841796875000e+01
-6.189038085937500000e+01
-6.194415283203125000e+01
-6.201306152343750000e+01
-6.209313964843750000e+01
-6.218121337890625000e+01
-6.227471923828125000e+01
-6.237164306640625000e+01
-6.247036743164062500e+01
-6.256964111328125000e+01
-6.178445434570312500e+01
-6.120138549804687500e+01
-6.078088378906250000e+01
-6.049069213867187500e+01
-6.030459594726562500e+01
-6.020117187500000000e+01
-6.016305541992187500e+01
-6.017614746093750000e+01
-6.022900390625000000e+01
-6.031234741210937500e+01
-6.041873168945312500e+01
-6.054208374023437500e+01
-6.067758178710937500e+01
-6.082131958007812500e+01
-6.097021484375000000e+01
-6.112182617187500000e+01
-6.127420043945312500e+01
-6.142581176757812500e+01
-6.157550048828125000e+01
-6.172238159179687500e+01
-6.186575317382812500e+01
-6.200512695312500000e+01
-6.214013671875000000e+01
-6.227059936523437500e+01
-6.239633178710937500e+01
-6.251727294921875000e+01
-6.263342285156250000e+01
-6.274481201171875000e+01
-6.285150146484375000e+01
-6.295358276367187500e+01
-6.305117797851562500e+01
-6.314443969726562500e+01
-6.323348999023437500e+01
-6.331845092773437500e+01
-6.339950561523437500e+01
-6.347680664062500000e+01
-6.355047607421875000e+01
-6.362066650390625000e+01
-6.280352783203125000e+01
-6.218655395507812500e+01
-6.173092651367187500e+01
-6.140502929687500000e+01
-6.118298339843750000e+01
-6.104382324218750000e+01
-6.097042846679687500e+01
-6.094888305664062500e+01
-6.096792602539062500e+01
-6.101843261718750000e+01
-6.109295654296875000e+01
-6.118554687500000000e+01
-6.129138183593750000e+01
-6.140661621093750000e+01
-6.152813720703125000e+01
-6.165350341796875000e+01
-6.178073120117187500e+01
-6.190826416015625000e+01
-6.203494262695312500e+01
-6.215982055664062500e+01
-6.228219604492187500e+01
-6.240155029296875000e+01
-6.251751708984375000e+01
-6.262979125976562500e+01
-6.273818969726562500e+01
-6.284262084960937500e+01
-6.294302368164062500e+01
-6.303942871093750000e+01
-6.313183593750000000e+01
-6.233633422851562500e+01
-6.174035644531250000e+01
-6.130505371093750000e+01
-6.099871826171875000e+01
-6.079553222656250000e+01
-6.067443847656250000e+01
-6.061837768554687500e+01
-6.061343383789062500e+01
-6.064837646484375000e+01
-6.071408081054687500e+01
-6.080316162109375000e+01
-6.090963745117187500e+01
-6.102871704101562500e+01
-6.115658569335937500e+01
-6.129016113281250000e+01
-6.142697143554687500e+01
-6.156512451171875000e+01
-6.170309448242187500e+01
-6.183969116210937500e+01
-6.197402954101562500e+01
-6.210540771484375000e+01
-6.223333740234375000e+01
-6.147344970703125000e+01
-6.091284179687500000e+01
-6.051239013671875000e+01
-6.024017333984375000e+01
-6.007028198242187500e+01
-5.998156738281250000e+01
-5.995684814453125000e+01
-5.998217773437500000e+01
-6.004629516601562500e+01
-6.014001464843750000e+01
-6.025598144531250000e+01
-6.038827514648437500e+01
-6.053207397460937500e+01
-6.068356323242187500e+01
-6.083972167968750000e+01
-6.099810791015625000e+01
-6.115686035156250000e+01
-6.131448364257812500e+01
-6.146981811523437500e+01
-6.162200927734375000e+01
-6.177041625976562500e+01
-6.103057861328125000e+01
-6.048947143554687500e+01
-6.010797119140625000e+01
-5.985409545898437500e+01
-5.970187377929687500e+01
-5.963015747070312500e+01
-5.962179565429687500e+01
-5.966284179687500000e+01
-5.974200439453125000e+01
-5.985015869140625000e+01
-5.997991943359375000e+01
-6.012536621093750000e+01
-6.028176879882812500e+01
-6.044528198242187500e+01
-6.061291503906250000e+01
-6.078225708007812500e+01
-6.095144653320312500e+01
-6.111901855468750000e+01
-6.128384399414062500e+01
-6.144503784179687500e+01
-6.160202026367187500e+01
-6.175433349609375000e+01
-6.190164184570312500e+01
-6.204376220703125000e+01
-6.218060302734375000e+01
-6.231210327148437500e+01
-6.243829345703125000e+01
-6.255920410156250000e+01
-6.267498779296875000e+01
-6.278570556640625000e+01
-6.289154052734375000e+01
-6.299261474609375000e+01
-6.308908081054687500e+01
-6.318112182617187500e+01
-6.326889038085937500e+01
-6.335253906250000000e+01
-6.343228149414062500e+01
-6.350823974609375000e+01
-6.358059692382812500e+01
-6.364950561523437500e+01
-6.371511840820312500e+01
-6.377758789062500000e+01
-6.383706665039062500e+01
-6.389367675781250000e+01
-6.394754028320312500e+01
-6.399880981445312500e+01
-6.404760742187500000e+01
-6.409402465820312500e+01
-6.413818359375000000e+01
-6.418020629882812500e+01
-6.422018432617187500e+01
-6.425820922851562500e+01
-6.429437255859375000e+01
-6.432876586914062500e+01
-6.436148071289062500e+01
-6.439260864257812500e+01
-6.442221069335937500e+01
-6.445037841796875000e+01
-6.359317016601562500e+01
-6.293801879882812500e+01
-6.244601440429687500e+01
-6.208544921875000000e+01
-6.183041381835937500e+01
