-6.500000000000000000e+01
-6.404650115966796875e+01
-6.333137512207031250e+01
-6.185106658935546875e+01
-5.980401992797851562e+01
-5.830022430419921875e+01
-5.722433853149414062e+01
-5.648442077636718750e+01
-5.505374145507812500e+01
-5.406588745117187500e+01
-5.247095870971679688e+01
-5.138410186767578125e+01
-6.500000000000000000e+01
-6.218718338012695312e+01
-5.912406921386718750e+01
-5.685486221313476562e+01
-5.521171569824218750e+01
-5.406080627441406250e+01
-5.234200668334960938e+01
-5.116230010986328125e+01
-5.040409851074218750e+01
-6.500000000000000000e+01
-6.407194519042968750e+01
-6.337590408325195312e+01
-6.190965270996093750e+01
-6.082620620727539062e+01
-6.004452514648437500e+01
-5.950000381469726562e+01
-5.914116668701171875e+01
-5.892704010009765625e+01
-5.787153244018554688e+01
-5.618712997436523438e+01
-5.404161453247070312e+01
-5.252060699462890625e+01
-5.053593444824218750e+01
-6.500000000000000000e+01
-6.256766891479492188e+01
-6.074341964721679688e+01
-5.939955520629882812e+01
-5.843422317504882812e+01
-5.681272888183593750e+01
-5.470876693725585938e+01
-5.321266937255859375e+01
-5.219350814819335938e+01
-5.154700851440429688e+01
-5.119020080566406250e+01
-5.105712509155273438e+01
-5.109541702270507812e+01
-5.126356506347656250e+01
-5.152872085571289062e+01
-5.186495208740234375e+01
-5.225183868408203125e+01
-5.267335510253906250e+01
-5.311697387695312500e+01
-5.357295227050781250e+01
-5.403376770019531250e+01
-5.354014968872070312e+01
-5.232609939575195312e+01
-5.057666015625000000e+01
-6.500000000000000000e+01
-6.252129364013671875e+01
-6.066226196289062500e+01
-5.929277801513671875e+01
-5.830904006958007812e+01
-5.667480850219726562e+01
-5.551604461669921875e+01
-5.473022460937500000e+01
-5.423569869995117188e+01
-5.396750259399414062e+01
-5.387399673461914062e+01
-5.391419219970703125e+01
-5.405559921264648438e+01
-5.427251434326171875e+01
-5.454464340209960938e+01
-5.390251541137695312e+01
-5.352547454833984375e+01
-5.335366821289062500e+01
-5.238605880737304688e+01
-5.177681350708007812e+01
-5.144601821899414062e+01
-5.037665557861328125e+01
-6.500000000000000000e+01
-6.388188171386718750e+01
-6.304329299926757812e+01
-6.242553329467773438e+01
-6.198178100585937500e+01
-6.072121047973632812e+01
-5.980596542358398438e+01
-5.916231918334960938e+01
-5.873152542114257812e+01
-5.846680450439453125e+01
-5.833095169067382812e+01
-5.829439163208007812e+01
-5.833366394042968750e+01
-5.843017196655273438e+01
-5.856921768188476562e+01
-5.873920059204101562e+01
-5.893099594116210938e+01
-5.913745117187500000e+01
-5.935298156738281250e+01
-5.957325363159179688e+01
-5.979492950439453125e+01
-5.906195449829101562e+01
-5.856427383422851562e+01
-5.729689407348632812e+01
-5.641071701049804688e+01
-5.582311248779296875e+01
-5.451480484008789062e+01
-5.267184066772460938e+01
-5.139447021484375000e+01
-5.055972290039062500e+01
-5.006971740722656250e+01
-6.500000000000000000e+01
-6.346150970458984375e+01
-6.230764007568359375e+01
-6.145762252807617188e+01
-6.084703445434570312e+01
-6.042451477050781250e+01
-5.919565582275390625e+01
-5.831976699829101562e+01
-5.676739501953125000e+01
-5.566991806030273438e+01
-5.492913436889648438e+01
-5.446685028076171875e+01
-5.422084426879882812e+01
-5.414167022705078125e+01
-5.419008255004882812e+01
-5.433497619628906250e+01
-5.455174636840820312e+01
-5.482097244262695312e+01
-5.512737655639648438e+01
-5.545896911621093750e+01
-5.485289001464843750e+01
-5.354024124145507812e+01
-5.170372390747070312e+01
-5.044093322753906250e+01
-6.500000000000000000e+01
-6.281283569335937500e+01
-6.021895980834960938e+01
-5.829542541503906250e+01
-5.594708633422851562e+01
-5.329937744140625000e+01
-5.140412521362304688e+01
-5.009969329833984375e+01
-6.500000000000000000e+01
-6.296729278564453125e+01
-6.144276428222656250e+01
-6.031969451904296875e+01
-5.855946350097656250e+01
-5.728609466552734375e+01
-5.639547348022460938e+01
-5.580464553833007812e+01
-5.544757080078125000e+01
-5.527171707153320312e+01
-5.523535156250000000e+01
-5.530535888671875000e+01
-5.545551300048828125e+01
-5.471157455444335938e+01
-5.329556655883789062e+01
-5.138294219970703125e+01
-6.500000000000000000e+01
-6.263858032226562500e+01
-6.086751556396484375e+01
-5.956283187866210938e+01
-5.862564468383789062e+01
-5.797712326049804688e+01
-5.755447769165039062e+01
-5.730772018432617188e+01
-5.624360656738281250e+01
-5.552244567871093750e+01
-5.506913757324218750e+01
-5.482393264770507812e+01
-5.473933792114257812e+01
-5.477765274047851562e+01
-5.490899658203125000e+01
-5.510972595214843750e+01
-5.536118316650390625e+01
-5.564867782592773438e+01
-5.596068954467773438e+01
-5.533470916748046875e+01
-5.400211715698242188e+01
-5.309932708740234375e+01
-5.253221130371093750e+01
-5.222588348388671875e+01
-5.212081527709960938e+01
-5.216975402832031250e+01
-5.233525085449218750e+01
-5.258767700195312500e+01
-5.290364456176757812e+01
-5.231124114990234375e+01
-5.198790359497070312e+01
-5.091878890991210938e+01
-5.024707412719726562e+01
-6.500000000000000000e+01
-6.316600418090820312e+01
-6.179050445556640625e+01
-5.982372283935546875e+01
-5.838072967529296875e+01
-5.639674758911132812e+01
-5.497495269775390625e+01
