-6.500000000000000000e+01
-6.500000000000000000e+01
-6.500000000000000000e+01
-6.500000000000000000e+01
-6.500000000000000000e+01
-6.500000000000000000e+01
-6.500000000000000000e+01
-6.500000000000000000e+01
-6.500000000000000000e+01
-6.500000000000000000e+01
-6.500000000000000000e+01
-6.500000000000000000e+01
-6.500000000000000000e+01
-6.500000000000000000e+01
-6.500000000000000000e+01
-6.500000000000000000e+01
-6.500000000000000000e+01
-6.500000000000000000e+01
-6.500000000000000000e+01
-6.500000000000000000e+01
-6.500000000000000000e+01
-6.500000000000000000e+01
-6.500000000000000000e+01
-6.500000000000000000e+01
-6.500000000000000000e+01
-6.500000000000000000e+01
-6.500000000000000000e+01
-6.500000000000000000e+01
-6.500000000000000000e+01
-6.500000000000000000e+01
-6.500000000000000000e+01
-6.500000000000000000e+01
-6.500000000000000000e+01
-6.500000000000000000e+01
-6.500000000000000000e+01
-6.500000000000000000e+01
-6.500000000000000000e+01
-6.500000000000000000e+01
-6.500000000000000000e+01
-6.500000000000000000e+01
-6.500000000000000000e+01
-6.500000000000000000e+01
-6.500000000000000000e+01
-6.500000000000000000e+01
-6.500000000000000000e+01
-6.500000000000000000e+01
-6.500000000000000000e+01
-6.500000000000000000e+01
-6.500000000000000000e+01
-6.500000000000000000e+01
-6.500000000000000000e+01
-6.500000000000000000e+01
-6.500000000000000000e+01
-6.500000000000000000e+01
-6.500000000000000000e+01
-6.500000000000000000e+01
-6.500000000000000000e+01
-6.500000000000000000e+01
-6.500000000000000000e+01
-6.500000000000000000e+01
-6.500000000000000000e+01
-6.500000000000000000e+01
-6.500000000000000000e+01
-6.500000000000000000e+01
-6.500000000000000000e+01
-6.500000000000000000e+01
-6.500000000000000000e+01
-6.500000000000000000e+01
-6.500000000000000000e+01
-6.500000000000000000e+01
-6.500000000000000000e+01
-6.500000000000000000e+01
-6.500000000000000000e+01
-6.500000000000000000e+01
-6.500000000000000000e+01
-6.500000000000000000e+01
-6.500000000000000000e+01
-6.500000000000000000e+01
-6.500000000000000000e+01
-6.500000000000000000e+01
-6.500000000000000000e+01
-6.500000000000000000e+01
-6.500000000000000000e+01
-6.500000000000000000e+01
-6.500000000000000000e+01
-6.500000000000000000e+01
-6.500000000000000000e+01
-6.500000000000000000e+01
-6.500000000000000000e+01
-6.500000000000000000e+01
-6.500000000000000000e+01
-6.500000000000000000e+01
-6.500000000000000000e+01
-6.500000000000000000e+01
-6.500000000000000000e+01
-6.500000000000000000e+01
-6.500000000000000000e+01
-6.500000000000000000e+01
-6.500000000000000000e+01
-6.500000000000000000e+01
-6.500000000000000000e+01
-6.500000000000000000e+01
-6.500000000000000000e+01
-6.500000000000000000e+01
-6.500000000000000000e+01
-6.411599731445312500e+01
-6.343536376953125000e+01
-6.291912841796875000e+01
-6.253549194335937500e+01
-6.225851440429687500e+01
-6.206704711914062500e+01
-6.194387817382812500e+01
-6.187500000000000000e+01
-6.184899902343750000e+01
-6.185662841796875000e+01
-6.189038085937500000e+01
-6.194415283203125000e+01
-6.201306152343750000e+01
-6.209313964843750000e+01
-6.218121337890625000e+01
-6.227471923828125000e+01
-6.237164306640625000e+01
-6.247036743164062500e+01
-6.256964111328125000e+01
-6.266845703125000000e+01
-6.276605224609375000e+01
-6.286181640625000000e+01
-6.295532226562500000e+01
-6.304623413085937500e+01
-6.313433837890625000e+01
-6.321945190429687500e+01
-6.330148315429687500e+01
-6.338040161132812500e+01
-6.345617675781250000e+01
-6.352886962890625000e+01
-6.359848022460937500e+01
-6.366510009765625000e+01
-6.372879028320312500e+01
-6.378964233398437500e+01
-6.384771728515625000e+01
-6.390313720703125000e+01
-6.395602416992187500e+01
-6.400643920898437500e+01
-6.405450439453125000e+01
-6.410031127929687500e+01
-6.414392089843750000e+01
-6.418548583984375000e+01
-6.422506713867187500e+01
-6.426275634765625000e+01
-6.429864501953125000e+01
-6.433279418945312500e+01
-6.436532592773437500e+01
-6.439627075195312500e+01
-6.442568969726562500e+01
-6.445367431640625000e+01
-6.448031616210937500e+01
-6.450564575195312500e+01
-6.452972412109375000e+01
-6.455264282226562500e+01
-6.457443237304687500e+01
-6.459518432617187500e+01
-6.461489868164062500e+01
-6.463366699218750000e+01
-6.465151977539062500e+01
-6.466848754882812500e+01
-6.468463134765625000e+01
-6.469998168945312500e+01
-6.471459960937500000e+01
-6.472851562500000000e+01
-6.474172973632812500e+01
-6.475430297851562500e+01
-6.476626586914062500e+01
-6.477764892578125000e+01
-6.478848266601562500e+01
-6.479879760742187500e+01
-6.480859375000000000e+01
-6.481790161132812500e+01
-6.482675170898437500e+01
-6.483517456054687500e+01
-6.484320068359375000e+01
-6.485083007812500000e+01
-6.485809326171875000e+01
-6.486499023437500000e+01
-6.487155151367187500e+01
-6.487780761718750000e+01
-6.488375854492187500e+01
-6.488940429687500000e+01
-6.489477539062500000e+01
-6.489990234375000000e+01
-6.490475463867187500e+01
-6.490939331054687500e+01
-6.491378784179687500e+01
-6.491796875000000000e+01
-6.492196655273437500e+01
-6.492575073242187500e+01
-6.492935180664062500e+01
-6.493276977539062500e+01
-6.493603515625000000e+01
-6.493914794921875000e+01
-6.494210815429687500e+01
