-6.500000000000000000e+01
-6.500000000000000000e+01
-6.500000000000000000e+01
-6.500000000000000000e+01
-6.500000000000000000e+01
-6.500000000000000000e+01
-6.500000000000000000e+01
-6.500000000000000000e+01
-6.500000000000000000e+01
-6.500000000000000000e+01
-6.500000000000000000e+01
-6.500000000000000000e+01
-6.500000000000000000e+01
-6.500000000000000000e+01
-6.411599731445312500e+01
-6.343536376953125000e+01
-6.291912841796875000e+01
-6.253549194335937500e+01
-6.225851440429687500e+01
-6.206704711914062500e+01
-6.194387817382812500e+01
-6.187500000000000000e+01
-6.184899902343750000e+01
-6.185662841796875000e+01
-6.189038085937500000e+01
-6.194415283203125000e+01
-6.201306152343750000e+01
-6.209313964843750000e+01
-6.218121337890625000e+01
-6.227471923828125000e+01
-6.237164306640625000e+01
-6.247036743164062500e+01
-6.256964111328125000e+01
-6.266845703125000000e+01
-6.276605224609375000e+01
-6.286181640625000000e+01
-6.295532226562500000e+01
-6.304623413085937500e+01
-6.313433837890625000e+01
-6.321945190429687500e+01
-6.330148315429687500e+01
-6.338040161132812500e+01
-6.345617675781250000e+01
-6.352886962890625000e+01
-6.359848022460937500e+01
-6.366510009765625000e+01
-6.372879028320312500e+01
-6.378964233398437500e+01
-6.384771728515625000e+01
-6.390313720703125000e+01
-6.395602416992187500e+01
-6.400643920898437500e+01
-6.405450439453125000e+01
-6.410031127929687500e+01
-6.414392089843750000e+01
-6.418548583984375000e+01
-6.422506713867187500e+01
-6.426275634765625000e+01
-6.429864501953125000e+01
-6.433279418945312500e+01
-6.436532592773437500e+01
-6.439627075195312500e+01
-6.442568969726562500e+01
-6.445367431640625000e+01
-6.448031616210937500e+01
-6.450564575195312500e+01
-6.452972412109375000e+01
-6.455264282226562500e+01
-6.457443237304687500e+01
-6.459518432617187500e+01
-6.461489868164062500e+01
-6.463366699218750000e+01
-6.465151977539062500e+01
-6.466848754882812500e+01
-6.468463134765625000e+01
-6.469998168945312500e+01
-6.471459960937500000e+01
-6.472851562500000000e+01
-6.474172973632812500e+01
-6.475430297851562500e+01
-6.476626586914062500e+01
-6.477764892578125000e+01
-6.478848266601562500e+01
-6.479879760742187500e+01
-6.480859375000000000e+01
-6.481790161132812500e+01
-6.482675170898437500e+01
-6.483517456054687500e+01
-6.484320068359375000e+01
-6.485083007812500000e+01
-6.485809326171875000e+01
-6.486499023437500000e+01
-6.487155151367187500e+01
-6.487780761718750000e+01
-6.488375854492187500e+01
-6.488940429687500000e+01
-6.489477539062500000e+01
-6.489990234375000000e+01
-6.490475463867187500e+01
-6.490939331054687500e+01
-6.491378784179687500e+01
-6.491796875000000000e+01
-6.492196655273437500e+01
-6.492575073242187500e+01
-6.492935180664062500e+01
-6.493276977539062500e+01
-6.493603515625000000e+01
-6.493914794921875000e+01
-6.494210815429687500e+01
-6.494491577148437500e+01
-6.494760131835937500e+01
-6.495013427734375000e+01
-6.495254516601562500e+01
-6.495483398437500000e+01
-6.495703125000000000e+01
-6.495910644531250000e+01
-6.496109008789062500e+01
-6.496298217773437500e+01
-6.496478271484375000e+01
-6.496649169921875000e+01
-6.496810913085937500e+01
-6.496963500976562500e+01
-6.497109985351562500e+01
-6.497250366210937500e+01
-6.497381591796875000e+01
-6.497506713867187500e+01
-6.497625732421875000e+01
-6.497738647460937500e+01
-6.497848510742187500e+01
-6.497952270507812500e+01
-6.498049926757812500e+01
-6.498144531250000000e+01
-6.498233032226562500e+01
-6.498318481445312500e+01
-6.498397827148437500e+01
-6.498474121093750000e+01
-6.498547363281250000e+01
-6.498617553710937500e+01
-6.498684692382812500e+01
-6.498748779296875000e+01
-6.498806762695312500e+01
-6.498864746093750000e+01
-6.498919677734375000e+01
-6.498971557617187500e+01
-6.499020385742187500e+01
-6.499066162109375000e+01
-6.499108886718750000e+01
-6.499151611328125000e+01
-6.499191284179687500e+01
-6.499227905273437500e+01
-6.410864257812500000e+01
-6.342834472656250000e+01
-6.291244506835937500e+01
-6.252911376953125000e+01
-6.225244140625000000e+01
-6.206124877929687500e+01
-6.193835449218750000e+01
-6.186975097656250000e+01
-6.184399414062500000e+01
-6.185186767578125000e+01
-6.188583374023437500e+01
-6.193981933593750000e+01
-6.200894165039062500e+01
-6.208923339843750000e+01
-6.217749023437500000e+01
-6.227117919921875000e+01
-6.236828613281250000e+01
-6.246716308593750000e+01
-6.256658935546875000e+01
-6.266552734375000000e+01
-6.276324462890625000e+01
-6.285916137695312500e+01
-6.295278930664062500e+01
-6.304382324218750000e+01
-6.313201904296875000e+01
-6.321722412109375000e+01
-6.329934692382812500e+01
-6.337835693359375000e+01
-6.345425415039062500e+01
-6.352703857421875000e+01
-6.359674072265625000e+01
-6.366342163085937500e+01
-6.372720336914062500e+01
-6.378811645507812500e+01
-6.384628295898437500e+01
-6.390179443359375000e+01
-6.395474243164062500e+01
-6.400521850585937500e+01
-6.405331420898437500e+01
-6.409918212890625000e+01
-6.414285278320312500e+01
-6.418444824218750000e+01
-6.422409057617187500e+01
-6.426181030273437500e+01
-6.429772949218750000e+01
-6.433193969726562500e+01
-6.436450195312500000e+01
-6.439547729492187500e+01
-6.442495727539062500e+01
-6.445297241210937500e+01
