-6.500000000000000000e+01
-6.500000000000000000e+01
-6.500000000000000000e+01
-6.500000000000000000e+01
-6.500000000000000000e+01
-6.500000000000000000e+01
-6.500000000000000000e+01
-6.500000000000000000e+01
-6.411599731445312500e+01
-6.343536376953125000e+01
-6.291912841796875000e+01
-6.253549194335937500e+01
-6.225851440429687500e+01
-6.206704711914062500e+01
-6.194387817382812500e+01
-6.187500000000000000e+01
-6.184899902343750000e+01
-6.097262573242187500e+01
-6.032571411132812500e+01
-5.986322021484375000e+01
-5.954843139648437500e+01
-5.935147094726562500e+01
-5.924804687500000000e+01
-5.921835327148437500e+01
-5.924636840820312500e+01
-5.931906127929687500e+01
-5.942590332031250000e+01
-5.955838012695312500e+01
-5.970968627929687500e+01
-5.987429809570312500e+01
-5.916381835937500000e+01
-5.866210937500000000e+01
-5.832742309570312500e+01
-5.812576293945312500e+01
-5.802947998046875000e+01
-5.801611328125000000e+01
-5.806744384765625000e+01
-5.816873168945312500e+01
-5.830798339843750000e+01
-5.847561645507812500e+01
-5.777984619140625000e+01
-5.730181884765625000e+01
-5.699758911132812500e+01
-5.683139038085937500e+01
-5.677416992187500000e+01
-5.680233764648437500e+01
-5.689675903320312500e+01
-5.704196166992187500e+01
-5.722540283203125000e+01
-5.743701171875000000e+01
-5.766870117187500000e+01
-5.791397094726562500e+01
-5.816763305664062500e+01
-5.842559814453125000e+01
-5.868463134765625000e+01
-5.894219970703125000e+01
-5.919635009765625000e+01
-5.944561767578125000e+01
-5.968884277343750000e+01
-5.992523193359375000e+01
-5.927023315429687500e+01
-5.881079101562500000e+01
-5.850769042968750000e+01
-5.832901000976562500e+01
-5.824887084960937500e+01
-5.824615478515625000e+01
-5.830374145507812500e+01
-5.840777587890625000e+01
-5.854708862304687500e+01
-5.871264648437500000e+01
-5.889718627929687500e+01
-5.909487915039062500e+01
-5.930105590820312500e+01
-5.951202392578125000e+01
-5.972485351562500000e+01
-5.905325317382812500e+01
-5.858276367187500000e+01
-5.827310180664062500e+01
-5.809140014648437500e+01
-5.801098632812500000e+01
-5.801016235351562500e+01
-5.807131958007812500e+01
-5.818020629882812500e+01
-5.832531738281250000e+01
-5.849734497070312500e+01
-5.868881225585937500e+01
-5.800973510742187500e+01
-5.754266357421875000e+01
-5.724484252929687500e+01
-5.708148193359375000e+01
-5.702429199218750000e+01
-5.705026245117187500e+01
-5.714077758789062500e+01
-5.728076171875000000e+01
-5.745803833007812500e+01
-5.766278076171875000e+01
-5.788708496093750000e+01
-5.812463378906250000e+01
-5.837042236328125000e+01
-5.862045288085937500e+01
-5.887161254882812500e+01
-5.912139892578125000e+01
-5.936791992187500000e+01
-5.960971069335937500e+01
-5.984567260742187500e+01
-6.007501220703125000e+01
-6.029718017578125000e+01
-6.051177978515625000e+01
-6.071859741210937500e+01
-6.003353881835937500e+01
-5.954391479492187500e+01
-5.921084594726562500e+01
-5.900262451171875000e+01
-5.889349365234375000e+01
-5.886248779296875000e+01
-5.889260864257812500e+01
-5.897009277343750000e+01
-5.908374023437500000e+01
-5.922454833984375000e+01
-5.938528442382812500e+01
-5.956011962890625000e+01
-5.974438476562500000e+01
-5.905035400390625000e+01
-5.856246948242187500e+01
-5.823941040039062500e+01
-5.804760742187500000e+01
-5.795968627929687500e+01
-5.795346069335937500e+01
-5.801092529296875000e+01
-5.811746215820312500e+01
-5.826129150390625000e+01
-5.843289184570312500e+01
-5.862460327148437500e+01
-5.883029174804687500e+01
-5.904501342773437500e+01
-5.926489257812500000e+01
-5.948684692382812500e+01
-5.970846557617187500e+01
-5.904385375976562500e+01
-5.857888793945312500e+01
-5.827355957031250000e+01
-5.809524536132812500e+01
-5.801742553710937500e+01
-5.801855468750000000e+01
-5.808114624023437500e+01
-5.819107055664062500e+01
-5.833688354492187500e+01
-5.850936889648437500e+01
-5.870111083984375000e+01
-5.890612792968750000e+01
-5.911968994140625000e+01
-5.845401000976562500e+01
-5.799346923828125000e+01
-5.769674682617187500e+01
-5.753021240234375000e+01
-5.746658325195312500e+01
-5.748361206054687500e+01
-5.756332397460937500e+01
-5.769116210937500000e+01
-5.785534667968750000e+01
-5.804638671875000000e+01
-5.825665283203125000e+01
-5.848004150390625000e+01
-5.871166992187500000e+01
-5.894766235351562500e+01
-5.830096435546875000e+01
-5.785653686523437500e+01
-5.757357788085937500e+01
-5.741885375976562500e+01
-5.736538696289062500e+01
-5.739126586914062500e+01
-5.747866821289062500e+01
-5.761325073242187500e+01
-5.778338623046875000e+01
-5.797970581054687500e+01
-5.819464111328125000e+01
-5.842221069335937500e+01
-5.777362060546875000e+01
-5.733239746093750000e+01
-5.705657958984375000e+01
-5.691198730468750000e+01
-5.687088012695312500e+01
-5.691073608398437500e+01
-5.701330566406250000e+01
-5.716378784179687500e+01
-5.735028076171875000e+01
-5.756314086914062500e+01
-5.779467773437500000e+01
-5.803872680664062500e+01
-5.829031372070312500e+01
-5.854559326171875000e+01
-5.880145263671875000e+01
-5.905554199218750000e+01
-5.930596923828125000e+01
-5.955136108398437500e+01
-5.979064941406250000e+01
-6.002307128906250000e+01
-6.024807739257812500e+01
-6.046533203125000000e+01
-6.067465209960937500e+01
