-6.500000000000000000e+01
-6.404650115966796875e+01
-6.333137512207031250e+01
-6.280456542968750000e+01
-6.242614364624023438e+01
-6.216428375244140625e+01
-6.104012680053710938e+01
-6.022536468505859375e+01
-5.870039367675781250e+01
-5.760441207885742188e+01
-5.589192199707031250e+01
-5.468151092529296875e+01
-5.386478424072265625e+01
-5.240192413330078125e+01
-5.141613006591796875e+01
-5.080276489257812500e+01
-5.047858047485351562e+01
-5.037741470336914062e+01
-5.044675445556640625e+01
-5.064498519897460938e+01
-5.093918991088867188e+01
-5.130339431762695312e+01
-5.171715545654296875e+01
-5.121094131469726562e+01
-5.096411132812500000e+01
-5.091687774658203125e+01
-5.102181243896484375e+01
-5.124134445190429688e+01
-5.154577636718750000e+01
-5.191168594360351562e+01
-5.232065963745117188e+01
-5.275827407836914062e+01
-5.321327972412109375e+01
-5.272344970703125000e+01
-5.247394561767578125e+01
-5.240958404541015625e+01
-5.248657226562500000e+01
-5.267021560668945312e+01
-5.293308258056640625e+01
-5.325353240966796875e+01
-5.361454010009765625e+01
-5.400275802612304688e+01
-5.440777587890625000e+01
-5.482151412963867188e+01
-5.523773956298828125e+01
-5.565169143676757812e+01
-5.605978012084960938e+01
-5.645932769775390625e+01
-5.684839248657226562e+01
-5.722559738159179688e+01
-5.663651657104492188e+01
-5.627244949340820312e+01
-5.608303451538085938e+01
-5.507474899291992188e+01
-5.440770339965820312e+01
-5.400667190551757812e+01
-5.285832214355468750e+01
-5.115349197387695312e+01
-6.500000000000000000e+01
-6.275757598876953125e+01
-6.012225723266601562e+01
-5.816819381713867188e+01
-5.675142288208007812e+01
-5.575716400146484375e+01
-5.509395599365234375e+01
-5.373547744750976562e+01
-5.281567764282226562e+01
-5.223847198486328125e+01
-5.192741394042968750e+01
-5.182173538208007812e+01
-5.091970062255859375e+01
-5.037495803833007812e+01
-6.500000000000000000e+01
-6.343799591064453125e+01
-6.226649093627929688e+01
-6.140348434448242188e+01
-6.078356552124023438e+01
-6.035459136962890625e+01
-6.007502365112304688e+01
-5.991180419921875000e+01
-5.983863830566406250e+01
-5.983464431762695312e+01
-5.988326263427734375e+01
-5.901787948608398438e+01
-5.842000961303710938e+01
-5.803142929077148438e+01
-5.780579376220703125e+01
-5.675275421142578125e+01
-5.603491592407226562e+01
-5.462551116943359375e+01
-5.365810775756835938e+01
-5.303630065917968750e+01
-5.268336486816406250e+01
-5.253829956054687500e+01
-5.255266571044921875e+01
-5.268805694580078125e+01
-5.291407394409179688e+01
-5.320670700073242188e+01
-5.354703903198242188e+01
-5.392022323608398438e+01
-5.431464004516601562e+01
-5.472125244140625000e+01
-5.513306427001953125e+01
-5.459120941162109375e+01
-5.428348922729492188e+01
-5.415678787231445312e+01
-5.416892623901367188e+01
-5.428646087646484375e+01
-5.448292160034179688e+01
-5.473740386962890625e+01
-5.503343582153320312e+01
-5.535808563232421875e+01
-5.570124053955078125e+01
-5.605502319335937500e+01
-5.641334915161132812e+01
-5.677154159545898438e+01
-5.617255401611328125e+01
-5.580559921264648438e+01
-5.561865615844726562e+01
-5.461689376831054688e+01
-5.395938491821289062e+01
-5.357008361816406250e+01
-5.338851547241210938e+01
-5.336663818359375000e+01
-5.346634292602539062e+01
-5.270395660400390625e+01
-5.224750518798828125e+01
-5.202812576293945312e+01
-5.199111557006835938e+01
-5.209307861328125000e+01
-5.134613800048828125e+01
-5.091500091552734375e+01
-5.072818756103515625e+01
-5.072892761230468750e+01
-5.087220001220703125e+01
-5.112236404418945312e+01
-5.145126724243164062e+01
-5.183671951293945312e+01
-5.226129531860351562e+01
-5.271136093139648438e+01
-5.317629623413085938e+01
-5.364788436889648438e+01
-5.411981201171875000e+01
-5.458728027343750000e+01
-5.504668426513671875e+01
-5.549536514282226562e+01
-5.497790908813476562e+01
-5.468486404418945312e+01
-5.456529998779296875e+01
-5.362527847290039062e+01
-5.207110977172851562e+01
-5.101922988891601562e+01
-5.035960769653320312e+01
-5.000469970703125000e+01
-6.500000000000000000e+01
-6.430436706542968750e+01
-6.378264236450195312e+01
-6.244480514526367188e+01
-6.145360183715820312e+01
-6.073574829101562500e+01
-6.023282241821289062e+01
-5.989826965332031250e+01
-5.969503021240234375e+01
-5.864011764526367188e+01
-5.790198135375976562e+01
-5.645847702026367188e+01
-5.544683074951171875e+01
-5.477350997924804688e+01
-5.436405181884765625e+01
-5.415922164916992188e+01
-5.411196136474609375e+01
-5.418492126464843750e+01
-5.434852218627929688e+01
-5.457937240600585938e+01
-5.485902786254882812e+01
-5.517297363281250000e+01
-5.455634307861328125e+01
-5.419213867187500000e+01
-5.306992340087890625e+01
-5.138283920288085938e+01
-6.500000000000000000e+01
-6.277570343017578125e+01
-6.110748291015625000e+01
-5.987855911254882812e+01
-5.899579238891601562e+01
-5.838492965698242188e+01
-5.798682785034179688e+01
-5.680089950561523438e+01
-5.598158645629882812e+01
-5.449559402465820312e+01
-5.251778411865234375e+01
-5.018597030639648438e+01
-6.500000000000000000e+01
-6.234540939331054688e+01
-6.035446548461914062e+01
-5.888780212402343750e+01
-5.783425903320312500e+01
-5.710522460937500000e+01
-5.663010787963867188e+01
-5.635271835327148438e+01
