-6.500000000000000000e+01
-6.500000000000000000e+01
-6.146408081054687500e+01
-5.874154663085937500e+01
-5.667657470703125000e+01
-5.425796508789062500e+01
-5.246932983398437500e+01
-5.030310058593750000e+01
-6.500000000000000000e+01
-6.225433349609375000e+01
-6.014028930664062500e+01
-5.853683471679687500e+01
-5.734521484375000000e+01
-5.560086059570312500e+01
-5.432546997070312500e+01
-5.342654418945312500e+01
-5.282879638671875000e+01
-5.247085571289062500e+01
-5.230285644531250000e+01
-5.140026855468750000e+01
-5.081756591796875000e+01
-5.048913574218750000e+01
-5.036166381835937500e+01
-5.039178466796875000e+01
-6.500000000000000000e+01
-6.381793212890625000e+01
-6.290777587890625000e+01
-6.133346557617187500e+01
-6.013980102539062500e+01
-5.925314331054687500e+01
-5.861343383789062500e+01
-5.728771972656250000e+01
-5.632342529296875000e+01
-5.564913940429687500e+01
-5.520666503906250000e+01
-5.494866943359375000e+01
-5.395260620117187500e+01
-5.327453613281250000e+01
-5.285012817382812500e+01
-5.262701416015625000e+01
-5.256265258789062500e+01
-5.262246704101562500e+01
-5.277850341796875000e+01
-5.300805664062500000e+01
-5.329284667968750000e+01
-5.273416137695312500e+01
-5.152352905273437500e+01
-5.069982910156250000e+01
-6.500000000000000000e+01
-6.328356933593750000e+01
-6.196200561523437500e+01
-6.095962524414062500e+01
-6.021469116210937500e+01
-5.967684936523437500e+01
-5.930505371093750000e+01
-5.906585693359375000e+01
-5.804803466796875000e+01
-5.643283081054687500e+01
-5.525064086914062500e+01
-5.441613769531250000e+01
-5.385980224609375000e+01
-5.352502441406250000e+01
-5.248175048828125000e+01
-5.177993774414062500e+01
-5.135021972656250000e+01
-5.113626098632812500e+01
-5.109216308593750000e+01
-5.118078613281250000e+01
-5.137197875976562500e+01
-5.075735473632812500e+01
-6.500000000000000000e+01
-6.341876220703125000e+01
-6.220129394531250000e+01
-6.127786254882812500e+01
-6.059158325195312500e+01
-6.009609985351562500e+01
-5.975357055664062500e+01
-5.953320312500000000e+01
-5.940991210937500000e+01
-5.936334228515625000e+01
-5.937689208984375000e+01
-5.943716430664062500e+01
-5.953329467773437500e+01
-5.965649414062500000e+01
-5.979971313476562500e+01
-5.995721435546875000e+01
-6.012448120117187500e+01
-6.029785156250000000e+01
-6.047445678710937500e+01
-6.065200805664062500e+01
-6.082873535156250000e+01
-6.100323486328125000e+01
-6.029049682617187500e+01
-5.977706909179687500e+01
-5.942340087890625000e+01
-5.831326293945312500e+01
-5.662380981445312500e+01
-5.449810791015625000e+01
-5.293545532226562500e+01
-5.182513427734375000e+01
-5.107687377929687500e+01
-5.061721801757812500e+01
-5.038638305664062500e+01
-5.033581542968750000e+01
-5.042608642578125000e+01
-5.062521362304687500e+01
-5.090737915039062500e+01
-5.125173950195312500e+01
-5.164147949218750000e+01
-5.206311035156250000e+01
-5.162185668945312500e+01
-5.139648437500000000e+01
-5.134121704101562500e+01
-5.141894531250000000e+01
-5.159954833984375000e+01
-5.185867309570312500e+01
-5.217666625976562500e+01
-5.253768920898437500e+01
-5.204504394531250000e+01
-5.177590942382812500e+01
-5.168322753906250000e+01
-5.172875976562500000e+01
-5.188156127929687500e+01
-5.211651611328125000e+01
-5.241342163085937500e+01
-5.275595092773437500e+01
-5.313095092773437500e+01
-5.264395141601562500e+01
-5.237390136718750000e+01
-5.227523803710937500e+01
-5.231088256835937500e+01
-5.245080566406250000e+01
-5.267074584960937500e+01
-5.295104980468750000e+01
-5.327584838867187500e+01
-5.363247680664062500e+01
-5.401074218750000000e+01
-5.440249633789062500e+01
-5.480126953125000000e+01
-5.520199584960937500e+01
-5.560070800781250000e+01
-5.511035156250000000e+01
-5.481588745117187500e+01
-5.467660522460937500e+01
-5.465939331054687500e+01
-5.473739624023437500e+01
-5.488885498046875000e+01
-5.509622192382812500e+01
-5.446130371093750000e+01
-5.405999755859375000e+01
-5.296017456054687500e+01
-5.221005249023437500e+01
-5.173892211914062500e+01
-5.148922729492187500e+01
-5.141421508789062500e+01
-5.147589111328125000e+01
-5.075952148437500000e+01
-6.500000000000000000e+01
-6.335397338867187500e+01
-6.120263671875000000e+01
-5.956072998046875000e+01
-5.833010864257812500e+01
-5.743066406250000000e+01
-5.591308593750000000e+01
-5.481152343750000000e+01
-5.404370117187500000e+01
-5.354257202148437500e+01
-5.236959838867187500e+01
-5.156774902343750000e+01
-5.017803955078125000e+01
-6.500000000000000000e+01
-6.362939453125000000e+01
-6.257406616210937500e+01
-6.177362060546875000e+01
-6.117877197265625000e+01
-6.074929809570312500e+01
-6.045242309570312500e+01
-6.026141357421875000e+01
-6.015457153320312500e+01
-5.923019409179687500e+01
-5.856130981445312500e+01
-5.809732055664062500e+01
-5.779699707031250000e+01
-5.762677001953125000e+01
-5.755938720703125000e+01
-5.757269287109375000e+01
-5.676473999023437500e+01
-5.620831298828125000e+01
-5.585269165039062500e+01
-5.565661621093750000e+01
-5.558651733398437500e+01
-5.473114013671875000e+01
-5.415576171875000000e+01
-5.380352783203125000e+01
-5.362817382812500000e+01
-5.270816040039062500e+01
-5.210034179687500000e+01
-5.174102783203125000e+01
-5.157843017578125000e+01
-5.068643188476562500e+01
