-6.500000000000000000e+01
-6.500000000000000000e+01
-6.146408081054687500e+01
-5.874154663085937500e+01
-5.667657470703125000e+01
-5.514196777343750000e+01
-5.403396606445312500e+01
-5.326800537109375000e+01
-5.277517700195312500e+01
-5.249945068359375000e+01
-5.239523315429687500e+01
-5.242550659179687500e+01
-5.256027221679687500e+01
-5.277520751953125000e+01
-5.305065917968750000e+01
-5.337081909179687500e+01
-5.372296142578125000e+01
-5.409692382812500000e+01
-5.360055541992187500e+01
-5.243075561523437500e+01
-5.163085937500000000e+01
-5.024209594726562500e+01
-6.500000000000000000e+01
-6.363211059570312500e+01
-6.169488525390625000e+01
-6.021539306640625000e+01
-5.910546875000000000e+01
-5.829318237304687500e+01
-5.683587646484375000e+01
-5.577310180664062500e+01
-5.502697753906250000e+01
-5.365008544921875000e+01
-5.267810058593750000e+01
-5.203009033203125000e+01
-5.164004516601562500e+01
-5.145440673828125000e+01
-5.142959594726562500e+01
-5.153024291992187500e+01
-5.172772216796875000e+01
-5.199884033203125000e+01
-5.232492065429687500e+01
-5.269094848632812500e+01
-5.220086669921875000e+01
-5.193234252929687500e+01
-5.183874511718750000e+01
-5.188220214843750000e+01
-5.114804077148437500e+01
-5.069873046875000000e+01
-6.500000000000000000e+01
-6.352227783203125000e+01
-6.150048828125000000e+01
-5.907287597656250000e+01
-5.723464965820312500e+01
-5.587167358398437500e+01
-5.489089965820312500e+01
-5.333242797851562500e+01
-5.222186279296875000e+01
-5.146990966796875000e+01
-5.100390625000000000e+01
-5.076473999023437500e+01
-5.070434570312500000e+01
-6.500000000000000000e+01
-6.288641357421875000e+01
-6.125906372070312500e+01
-5.914074707031250000e+01
-5.665881347656250000e+01
-5.479962158203125000e+01
-5.344186401367187500e+01
-5.248663330078125000e+01
-5.096929931640625000e+01
-6.500000000000000000e+01
-6.268988037109375000e+01
-6.091119384765625000e+01
-5.956210327148437500e+01
-5.767553710937500000e+01
-5.538705444335937500e+01
-5.368975830078125000e+01
-5.246789550781250000e+01
-5.162713623046875000e+01
-5.109057617187500000e+01
-5.079568481445312500e+01
-5.069158935546875000e+01
-5.073703002929687500e+01
-5.089849853515625000e+01
-5.026492309570312500e+01
-6.500000000000000000e+01
-6.411434936523437500e+01
-6.343243408203125000e+01
-6.203125000000000000e+01
-6.096624755859375000e+01
-5.928848266601562500e+01
-5.714834594726562500e+01
-5.555102539062500000e+01
-5.439056396484375000e+01
-5.358059692382812500e+01
-5.305075073242187500e+01
-5.185977172851562500e+01
-5.104840087890625000e+01
-6.500000000000000000e+01
-6.330282592773437500e+01
-6.199609375000000000e+01
-6.100497436523437500e+01
-6.026840209960937500e+01
-5.973660278320312500e+01
-5.848498535156250000e+01
-5.756781005859375000e+01
-5.603524780273437500e+01
-5.492092895507812500e+01
-5.325820922851562500e+01
-5.206710815429687500e+01
-5.125381469726562500e+01
-5.074191284179687500e+01
-6.500000000000000000e+01
-6.348379516601562500e+01
-6.231637573242187500e+01
-6.143090820312500000e+01
-6.077285766601562500e+01
-6.029776000976562500e+01
-5.908532714843750000e+01
-5.819338989257812500e+01
-5.755892944335937500e+01
-5.624661254882812500e+01
-5.530197143554687500e+01
-5.465200805664062500e+01
-5.423730468750000000e+01
-5.400949096679687500e+01
-5.304522705078125000e+01
-5.151596069335937500e+01
-5.044418334960937500e+01
-6.500000000000000000e+01
-6.384078979492187500e+01
-6.294824218750000000e+01
-6.138726806640625000e+01
-6.020352172851562500e+01
-5.844003295898437500e+01
-5.712463378906250000e+01
-5.616979980468750000e+01
-5.462026977539062500e+01
-5.350524902343750000e+01
-5.185452270507812500e+01
-6.500000000000000000e+01
-6.279400634765625000e+01
-6.109548950195312500e+01
-5.892321777343750000e+01
-5.728518676757812500e+01
-5.519369506835937500e+01
-5.365155029296875000e+01
-5.255087280273437500e+01
-5.180371093750000000e+01
-5.133850097656250000e+01
-5.109698486328125000e+01
-5.103179931640625000e+01
-5.110452270507812500e+01
-5.039999389648437500e+01
-6.500000000000000000e+01
-6.318954467773437500e+01
-6.179559326171875000e+01
-5.985430908203125000e+01
-5.838793945312500000e+01
-5.642041015625000000e+01
-5.407992553710937500e+01
-5.235369873046875000e+01
-5.023712158203125000e+01
-6.500000000000000000e+01
-6.228384399414062500e+01
-5.930850219726562500e+01
-5.704162597656250000e+01
-5.446255493164062500e+01
-5.254714965820312500e+01
-5.028152465820312500e+01
-6.500000000000000000e+01
-6.307424926757812500e+01
-6.159149169921875000e+01
-6.046685791015625000e+01
-5.874707031250000000e+01
-5.746298217773437500e+01
-5.652957153320312500e+01
-5.587753295898437500e+01
-5.545037841796875000e+01
-5.520211791992187500e+01
-5.421139526367187500e+01
-5.353521728515625000e+01
-5.310998535156250000e+01
-5.288391113281250000e+01
-5.193096923828125000e+01
-5.130435180664062500e+01
-5.093740844726562500e+01
-5.077597045898437500e+01
-5.077600097656250000e+01
-5.090179443359375000e+01
-5.112442016601562500e+01
-5.142047119140625000e+01
-5.088708496093750000e+01
-5.059646606445312500e+01
-6.500000000000000000e+01
-6.362014770507812500e+01
-6.167373657226562500e+01
-6.018728637695312500e+01
-5.907217407226562500e+01
-5.737216186523437500e+01
