-6.500000000000000000e+01
-6.500000000000000000e+01
-6.146408081054687500e+01
-5.785754394531250000e+01
-5.511190795898437500e+01
-5.306103515625000000e+01
-5.068536376953125000e+01
-6.500000000000000000e+01
-6.301730346679687500e+01
-6.149072265625000000e+01
-6.033282470703125000e+01
-5.858831787109375000e+01
-5.728637695312500000e+01
-5.634060668945312500e+01
-5.568060302734375000e+01
-5.524899291992187500e+01
-5.499908447265625000e+01
-5.400885009765625000e+01
-5.333483886718750000e+01
-5.291302490234375000e+01
-5.269137573242187500e+01
-5.174359130859375000e+01
-5.112265014648437500e+01
-5.076174926757812500e+01
-5.060656738281250000e+01
-5.061294555664062500e+01
-6.500000000000000000e+01
-6.381002807617187500e+01
-6.289379882812500000e+01
-6.219888305664062500e+01
-6.079846191406250000e+01
-5.886096191406250000e+01
-5.740634155273437500e+01
-5.545660400390625000e+01
-5.402252197265625000e+01
-5.300271606445312500e+01
-5.231454467773437500e+01
-5.189071655273437500e+01
-5.167654418945312500e+01
-5.162753295898437500e+01
-5.170761108398437500e+01
-5.188748168945312500e+01
-5.214349365234375000e+01
-5.157257080078125000e+01
-5.124664306640625000e+01
-5.111441040039062500e+01
-5.113415527343750000e+01
-5.127212524414062500e+01
-5.150094604492187500e+01
-5.179849243164062500e+01
-5.214691162109375000e+01
-5.253189086914062500e+01
-5.294195556640625000e+01
-5.248391723632812500e+01
-5.223785400390625000e+01
-5.215902709960937500e+01
-5.221118164062500000e+01
-5.236483764648437500e+01
-5.259622192382812500e+01
-5.288610839843750000e+01
-5.321896362304687500e+01
-5.269836425781250000e+01
-5.151770019531250000e+01
-5.071737670898437500e+01
-6.500000000000000000e+01
-6.329910278320312500e+01
-6.198947143554687500e+01
-6.099615478515625000e+01
-6.025796508789062500e+01
-5.972497558593750000e+01
-5.847256469726562500e+01
-5.755487060546875000e+01
-5.690600585937500000e+01
-5.647222900390625000e+01
-5.620980834960937500e+01
-5.519915771484375000e+01
-5.449868774414062500e+01
-5.404602050781250000e+01
-5.379031372070312500e+01
-5.369027709960937500e+01
-5.371237182617187500e+01
-5.294540405273437500e+01
-5.245465087890625000e+01
-5.218338012695312500e+01
-5.120141601562500000e+01
-5.055865478515625000e+01
-5.018572998046875000e+01
-5.002624511718750000e+01
-5.003442382812500000e+01
-5.017309570312500000e+01
-5.041220092773437500e+01
-5.072738647460937500e+01
-5.021502685546875000e+01
-6.500000000000000000e+01
-6.346624755859375000e+01
-6.140133666992187500e+01
-5.982498168945312500e+01
-5.864306640625000000e+01
-5.777880859375000000e+01
-5.628558349609375000e+01
-5.519970703125000000e+01
-5.444067382812500000e+01
-5.394290161132812500e+01
-5.365301513671875000e+01
-5.352755737304687500e+01
-5.353128051757812500e+01
-5.363555908203125000e+01
-5.381723022460937500e+01
-5.317361450195312500e+01
-5.277688598632812500e+01
-5.257598876953125000e+01
-5.252938842773437500e+01
-5.260333251953125000e+01
-5.188653564453125000e+01
-5.056021118164062500e+01
-6.500000000000000000e+01
-6.279827880859375000e+01
-6.110305786132812500e+01
-5.981726074218750000e+01
-5.797772216796875000e+01
-5.660714721679687500e+01
-5.561395263671875000e+01
-5.492346191406250000e+01
-5.447479248046875000e+01
-5.421841430664062500e+01
-5.411407470703125000e+01
-5.412908935546875000e+01
-5.423687744140625000e+01
-5.441598510742187500e+01
-5.376507568359375000e+01
-5.247348022460937500e+01
-5.157833862304687500e+01
-5.099984741210937500e+01
-5.067309570312500000e+01
-5.054528808593750000e+01
-5.057354736328125000e+01
-6.500000000000000000e+01
-6.382269287109375000e+01
-6.291619873046875000e+01
-6.222866821289062500e+01
-6.171771240234375000e+01
-6.134881591796875000e+01
-6.109381103515625000e+01
-6.092974853515625000e+01
-6.083798217773437500e+01
-5.991934204101562500e+01
-5.924880981445312500e+01
-5.877746582031250000e+01
-5.846539306640625000e+01
-5.828012084960937500e+01
-5.819525146484375000e+01
-5.818930053710937500e+01
-5.824490356445312500e+01
-5.746392822265625000e+01
-5.692233276367187500e+01
-5.657196044921875000e+01
-5.637359619140625000e+01
-5.629537963867187500e+01
-5.631143188476562500e+01
-5.551675415039062500e+01
-5.498168945312500000e+01
-5.465353393554687500e+01
-5.448944091796875000e+01
-5.445458984375000000e+01
-5.452066040039062500e+01
-5.466476440429687500e+01
-5.486837768554687500e+01
-5.511654663085937500e+01
-5.539718627929687500e+01
-5.570065307617187500e+01
-5.601922607421875000e+01
-5.634671020507812500e+01
-5.667825317382812500e+01
-5.701004028320312500e+01
-5.645507812500000000e+01
-5.609841918945312500e+01
-5.589935302734375000e+01
-5.494076538085937500e+01
-5.428314208984375000e+01
-5.386575317382812500e+01
-5.363912963867187500e+01
-5.356304931640625000e+01
-5.360491943359375000e+01
-5.373828125000000000e+01
-5.305770874023437500e+01
-5.263327026367187500e+01
-5.241204833984375000e+01
-5.235104370117187500e+01
-5.241534423828125000e+01
-5.257669067382812500e+01
-5.281216430664062500e+01
-5.221929931640625000e+01
-5.098660278320312500e+01
-5.015045166015625000e+01
-6.500000000000000000e+01
-6.237368774414062500e+01
-6.035156250000000000e+01
-5.881781005859375000e+01
-5.767797851562500000e+01
-5.597100830078125000e+01
