-6.500000000000000000e+01
-6.500000000000000000e+01
-6.146408081054687500e+01
-5.785754394531250000e+01
-5.422793579101562500e+01
-5.149639892578125000e+01
-6.500000000000000000e+01
-6.281689453125000000e+01
-6.113601684570312500e+01
-5.897711181640625000e+01
-5.734899902343750000e+01
-5.614865112304687500e+01
-5.529208374023437500e+01
-5.382684326171875000e+01
-5.278448486328125000e+01
-5.208068847656250000e+01
-5.076278686523437500e+01
-6.500000000000000000e+01
-6.297052001953125000e+01
-6.052389526367187500e+01
-5.777404785156250000e+01
-5.569635009765625000e+01
-5.416049194335937500e+01
-5.306018066406250000e+01
-5.142480468750000000e+01
-5.027120971679687500e+01
-6.500000000000000000e+01
-6.378298950195312500e+01
-6.284594726562500000e+01
-6.125122070312500000e+01
-6.004238891601562500e+01
-5.914480590820312500e+01
-5.849752807617187500e+01
-5.716690063476562500e+01
-5.531588745117187500e+01
-5.395993041992187500e+01
-5.300152587890625000e+01
-5.236117553710937500e+01
-5.109024047851562500e+01
-5.022338867187500000e+01
-6.500000000000000000e+01
-6.396429443359375000e+01
-6.316683959960937500e+01
-6.256198120117187500e+01
-6.211245727539062500e+01
-6.178790283203125000e+01
-6.067953491210937500e+01
-5.985455322265625000e+01
-5.925753784179687500e+01
-5.884335327148437500e+01
-5.857522583007812500e+01
-5.842321777343750000e+01
-5.747897338867187500e+01
-5.681008911132812500e+01
-5.636157226562500000e+01
-5.608865356445312500e+01
-5.595489501953125000e+01
-5.504669189453125000e+01
-5.442739868164062500e+01
-5.403857421875000000e+01
-5.383264160156250000e+01
-5.377099609375000000e+01
-5.382226562500000000e+01
-5.396099853515625000e+01
-5.416662597656250000e+01
-5.442257690429687500e+01
-5.471542358398437500e+01
-5.503439331054687500e+01
-5.537091064453125000e+01
-5.483413696289062500e+01
-5.450598144531250000e+01
-5.434320068359375000e+01
-5.431063842773437500e+01
-5.349578857421875000e+01
-5.296286010742187500e+01
-5.265426635742187500e+01
-5.163909912109375000e+01
-5.096658325195312500e+01
-5.056689453125000000e+01
-5.038320922851562500e+01
-5.036938476562500000e+01
-5.048797607421875000e+01
-6.500000000000000000e+01
-6.387747192382812500e+01
-6.301321411132812500e+01
-6.235769653320312500e+01
-6.098657226562500000e+01
-5.995419311523437500e+01
-5.919479370117187500e+01
-5.865469360351562500e+01
-5.829019165039062500e+01
-5.806564331054687500e+01
-5.795208740234375000e+01
-5.792593383789062500e+01
-5.796813964843750000e+01
-5.717916870117187500e+01
-5.574987792968750000e+01
-5.383453369140625000e+01
-5.244155883789062500e+01
-5.146774291992187500e+01
-6.500000000000000000e+01
-6.321298217773437500e+01
-6.183703613281250000e+01
-6.079342651367187500e+01
-6.001785278320312500e+01
-5.945788574218750000e+01
-5.907077026367187500e+01
-5.882171630859375000e+01
-5.868237304687500000e+01
-5.862973022460937500e+01
-5.864505004882812500e+01
-5.871316528320312500e+01
-5.882180786132812500e+01
-5.896102905273437500e+01
-5.912286376953125000e+01
-5.930084228515625000e+01
-5.948983764648437500e+01
-5.880175781250000000e+01
-5.832067871093750000e+01
-5.800506591796875000e+01
-5.782110595703125000e+01
-5.774130249023437500e+01
-5.774331665039062500e+01
-5.692507934570312500e+01
-5.635922241210937500e+01
-5.599493408203125000e+01
-5.579083251953125000e+01
-5.482931518554687500e+01
-5.417041015625000000e+01
-5.286901855468750000e+01
-5.107873535156250000e+01
-6.500000000000000000e+01
-6.251940917968750000e+01
-6.060946655273437500e+01
-5.827682495117187500e+01
-5.563562011718750000e+01
-5.366143798828125000e+01
-5.134017944335937500e+01
-6.500000000000000000e+01
-6.146560668945312500e+01
-5.786029052734375000e+01
-5.423156738281250000e+01
-5.150073242187500000e+01
-6.500000000000000000e+01
-6.193347167968750000e+01
-5.957238769531250000e+01
-5.778155517578125000e+01
-5.645068359375000000e+01
-5.548977661132812500e+01
-5.482546997070312500e+01
-5.351406860351562500e+01
-5.259429931640625000e+01
-5.198767089843750000e+01
-5.163024902343750000e+01
-5.147009277343750000e+01
-5.146496582031250000e+01
-5.158062744140625000e+01
-5.090536499023437500e+01
-6.500000000000000000e+01
-6.250097656250000000e+01
-6.057684326171875000e+01
-5.911743164062500000e+01
-5.803286743164062500e+01
-5.724978637695312500e+01
-5.670846557617187500e+01
-5.547619628906250000e+01
-5.460070800781250000e+01
-5.312683105468750000e+01
-5.208392333984375000e+01
-5.138589477539062500e+01
-5.096261596679687500e+01
-5.075708007812500000e+01
-6.500000000000000000e+01
-6.279562377929687500e+01
-6.109832763671875000e+01
-5.892700195312500000e+01
-5.640567016601562500e+01
-5.363406372070312500e+01
-5.157598876953125000e+01
-5.009185791015625000e+01
-6.500000000000000000e+01
-6.284262084960937500e+01
-6.029754638671875000e+01
-5.835702514648437500e+01
-5.690447998046875000e+01
-5.584478759765625000e+01
-5.421643066406250000e+01
-5.215960693359375000e+01
-6.500000000000000000e+01
-6.166104125976562500e+01
-5.909017944335937500e+01
-5.714025878906250000e+01
-5.569113159179687500e+01
-5.376086425781250000e+01
-5.235693359375000000e+01
-5.137530517578125000e+01
-6.500000000000000000e+01
-6.320498657226562500e+01
-6.093890380859375000e+01
-5.832598876953125000e+01
