-6.500000000000000000e+01
-6.500000000000000000e+01
-6.146408081054687500e+01
-5.874154663085937500e+01
-5.667657470703125000e+01
-5.514196777343750000e+01
-5.403396606445312500e+01
-5.326800537109375000e+01
-5.277517700195312500e+01
-5.249945068359375000e+01
-5.239523315429687500e+01
-5.154150390625000000e+01
-5.011160278320312500e+01
-6.500000000000000000e+01
-6.287783813476562500e+01
-6.124383544921875000e+01
-6.000448608398437500e+01
-5.908346557617187500e+01
-5.841848754882812500e+01
-5.795877075195312500e+01
-5.677902221679687500e+01
-5.593292236328125000e+01
-5.535412597656250000e+01
-5.498864746093750000e+01
-5.479254150390625000e+01
-5.473004150390625000e+01
-5.477218627929687500e+01
-5.489544677734375000e+01
-5.508074951171875000e+01
-5.442877197265625000e+01
-5.401449584960937500e+01
-5.378897094726562500e+01
-5.371243286132812500e+01
-5.375262451171875000e+01
-5.388336181640625000e+01
-5.408346557617187500e+01
-5.433581542968750000e+01
-5.462664794921875000e+01
-5.494485473632812500e+01
-5.528155517578125000e+01
-5.562969970703125000e+01
-5.509970092773437500e+01
-5.389047241210937500e+01
-5.304693603515625000e+01
-5.249566650390625000e+01
-5.217691040039062500e+01
-5.204202270507812500e+01
-5.205151367187500000e+01
-5.217337036132812500e+01
-5.238168334960937500e+01
-5.265548706054687500e+01
-5.297787475585937500e+01
-5.333523559570312500e+01
-5.371667480468750000e+01
-5.411349487304687500e+01
-5.451879882812500000e+01
-5.492712402343750000e+01
-5.533419799804687500e+01
-5.573669433593750000e+01
-5.613204956054687500e+01
-5.651837158203125000e+01
-5.689419555664062500e+01
-5.725857543945312500e+01
-5.761080932617187500e+01
-5.795046997070312500e+01
-5.827731323242187500e+01
-5.859130859375000000e+01
-5.889251708984375000e+01
-5.918109130859375000e+01
-5.945727539062500000e+01
-5.972140502929687500e+01
-5.997378540039062500e+01
-6.021478271484375000e+01
-6.044479370117187500e+01
-6.066421508789062500e+01
-6.087344360351562500e+01
-6.107287597656250000e+01
-6.126290893554687500e+01
-6.144393920898437500e+01
-6.161639404296875000e+01
-6.178060913085937500e+01
-6.193698120117187500e+01
-6.208584594726562500e+01
-6.222756958007812500e+01
-6.236245727539062500e+01
-6.249081420898437500e+01
-6.261297607421875000e+01
-6.272924804687500000e+01
-6.283987426757812500e+01
-6.294512939453125000e+01
-6.304528808593750000e+01
-6.314059448242187500e+01
-6.323126220703125000e+01
-6.331750488281250000e+01
-6.339953613281250000e+01
-6.347756958007812500e+01
-6.355178833007812500e+01
-6.362240600585937500e+01
-6.368957519531250000e+01
-6.286947631835937500e+01
-6.224963378906250000e+01
-6.179119873046875000e+01
-6.146255493164062500e+01
-6.123788452148437500e+01
-6.109619140625000000e+01
-6.102035522460937500e+01
-6.099649047851562500e+01
-6.101333618164062500e+01
-6.106170654296875000e+01
-6.113421630859375000e+01
-6.122485351562500000e+01
-6.132885742187500000e+01
-6.144229125976562500e+01
-6.156210327148437500e+01
-6.080181884765625000e+01
-5.936285400390625000e+01
-5.829202270507812500e+01
-5.751739501953125000e+01
-5.698025512695312500e+01
-5.663284301757812500e+01
-5.643624877929687500e+01
-5.547488403320312500e+01
-5.481039428710937500e+01
-5.438296508789062500e+01
-5.414395141601562500e+01
-5.405380249023437500e+01
-5.319638061523437500e+01
-5.263296508789062500e+01
-5.230352783203125000e+01
-5.215921020507812500e+01
-5.216033935546875000e+01
-5.227471923828125000e+01
-5.247631835937500000e+01
-5.274404907226562500e+01
-5.306088256835937500e+01
-5.341320800781250000e+01
-5.379003906250000000e+01
-5.418264770507812500e+01
-5.458404541015625000e+01
-5.498876953125000000e+01
-5.539245605468750000e+01
-5.579180908203125000e+01
-5.618423461914062500e+01
-5.568380737304687500e+01
-5.537643432617187500e+01
-5.433813476562500000e+01
-5.273977661132812500e+01
-5.160336303710937500e+01
-5.083676147460937500e+01
-6.500000000000000000e+01
-6.332449340820312500e+01
-6.203439331054687500e+01
-6.105590820312500000e+01
-6.032873535156250000e+01
-5.980371093750000000e+01
-5.944076538085937500e+01
-5.920724487304687500e+01
-5.907662963867187500e+01
-5.902725219726562500e+01
-5.904159545898437500e+01
-5.910546875000000000e+01
-5.920733642578125000e+01
-5.933789062500000000e+01
-5.948965454101562500e+01
-5.965655517578125000e+01
-5.983377075195312500e+01
-6.001748657226562500e+01
-6.020462036132812500e+01
-6.039276123046875000e+01
-5.969604492187500000e+01
-5.920034790039062500e+01
-5.886557006835937500e+01
-5.865908813476562500e+01
-5.855435180664062500e+01
-5.852975463867187500e+01
-5.856781005859375000e+01
-5.865429687500000000e+01
-5.877777099609375000e+01
-5.892895507812500000e+01
-5.910037231445312500e+01
-5.928604125976562500e+01
-5.948117065429687500e+01
-5.968191528320312500e+01
-5.988528442382812500e+01
-6.008889770507812500e+01
-6.029089355468750000e+01
-6.048983764648437500e+01
-6.068466186523437500e+01
-6.087451171875000000e+01
-6.017486572265625000e+01
-5.967263793945312500e+01
-5.932861328125000000e+01
-5.911083984375000000e+01
-5.899331665039062500e+01
-5.895489501953125000e+01
-5.897839355468750000e+01
-5.904995727539062500e+01
-5.915829467773437500e+01
-5.929434204101562500e+01
-5.856674194335937500e+01
