-6.500000000000000000e+01
-6.404650115966796875e+01
-6.237787628173828125e+01
-6.018244171142578125e+01
-5.760858917236328125e+01
-5.477287292480468750e+01
-5.272000122070312500e+01
-5.128261947631835938e+01
-5.032738113403320312e+01
-6.500000000000000000e+01
-6.394969177246093750e+01
-6.316196060180664062e+01
-6.258166503906250000e+01
-6.121132278442382812e+01
-5.925424957275390625e+01
-5.687083053588867188e+01
-5.514072418212890625e+01
-5.392443847656250000e+01
-5.215731430053710938e+01
-5.094272613525390625e+01
-5.016021347045898438e+01
-6.500000000000000000e+01
-6.404936218261718750e+01
-6.333638000488281250e+01
-6.281114959716796875e+01
-6.243386459350585938e+01
-6.217279052734375000e+01
-6.200264358520507812e+01
-6.190330505371093750e+01
-6.185877609252929688e+01
-6.185634613037109375e+01
-6.093243408203125000e+01
-5.931743621826171875e+01
-5.719336700439453125e+01
-5.565713882446289062e+01
-5.458303451538085938e+01
-5.291738510131835938e+01
-5.177231597900390625e+01
-5.103433990478515625e+01
-5.061313629150390625e+01
-6.500000000000000000e+01
-6.352072906494140625e+01
-6.241127395629882812e+01
-6.064047622680664062e+01
-5.838476562500000000e+01
-5.578307723999023438e+01
-5.294446182250976562e+01
-5.090766906738281250e+01
-6.500000000000000000e+01
-6.235717773437500000e+01
-6.037506103515625000e+01
-5.891490173339843750e+01
-5.691253280639648438e+01
-5.547160720825195312e+01
-5.447178649902343750e+01
-5.381720352172851562e+01
-5.343154907226562500e+01
-5.325413513183593750e+01
-5.323675918579101562e+01
-5.238768768310546875e+01
-5.091501617431640625e+01
-6.500000000000000000e+01
-6.270039749145507812e+01
-6.097569274902343750e+01
-5.970516204833984375e+01
-5.879250717163085938e+01
-5.816096496582031250e+01
-5.774938201904296875e+01
-5.655558395385742188e+01
-5.477924346923828125e+01
-5.353143310546875000e+01
-5.269778060913085938e+01
-5.218722915649414062e+01
-5.192733764648437500e+01
-5.186054611206054688e+01
-5.098767852783203125e+01
-5.046442413330078125e+01
-5.021210479736328125e+01
-5.016822052001953125e+01
-5.028318786621093750e+01
-5.051773071289062500e+01
-6.500000000000000000e+01
-6.391637039184570312e+01
-6.310364913940429688e+01
-6.250494384765625000e+01
-6.207487869262695312e+01
-6.177727890014648438e+01
-6.158333206176757812e+01
-6.147009658813476562e+01
-6.046583938598632812e+01
-5.974794387817382812e+01
-5.925486373901367188e+01
-5.893757629394531250e+01
-5.780356216430664062e+01
-5.701367568969726562e+01
-5.649322509765625000e+01
-5.522924804687500000e+01
-5.341283416748046875e+01
-5.214823150634765625e+01
-5.036215209960937500e+01
-6.500000000000000000e+01
-6.344565200805664062e+01
-6.227989196777343750e+01
-6.142111587524414062e+01
-6.080423355102539062e+01
-6.037736129760742188e+01
-5.914566421508789062e+01
-5.826811981201171875e+01
-5.766850280761718750e+01
-5.633261108398437500e+01
-5.445050430297851562e+01
-5.312559890747070312e+01
-5.223741531372070312e+01
-5.169002151489257812e+01
-5.140710067749023438e+01
-5.132801055908203125e+01
-5.140462112426757812e+01
-5.159880065917968750e+01
-5.188039016723632812e+01
-5.222559356689453125e+01
-5.261569213867187500e+01
-5.208250808715820312e+01
-5.085296630859375000e+01
-5.005998229980468750e+01
-6.500000000000000000e+01
-6.327698516845703125e+01
-6.198472595214843750e+01
-6.007926177978515625e+01
-5.868031692504882812e+01
-5.768031311035156250e+01
-5.699350738525390625e+01
-5.655160140991210938e+01
-5.534673690795898438e+01
-5.452757263183593750e+01
-5.400973129272460938e+01
-5.372607421875000000e+01
-5.362323379516601562e+01
-5.270534515380859375e+01
-5.213069534301757812e+01
-5.182265472412109375e+01
-5.172031784057617188e+01
-5.177533721923828125e+01
-5.194939804077148438e+01
-5.221219253540039062e+01
-5.158629226684570312e+01
-5.124474716186523438e+01
-5.112272262573242188e+01
-5.116875839233398438e+01
-5.038855743408203125e+01
-6.500000000000000000e+01
-6.234177017211914062e+01
-5.939459991455078125e+01
-5.721080398559570312e+01
-5.562900924682617188e+01
-5.452055740356445312e+01
-5.378292846679687500e+01
-5.333449935913085938e+01
-5.215684890747070312e+01
-5.043676757812500000e+01
-6.500000000000000000e+01
-6.348816680908203125e+01
-6.235429000854492188e+01
-6.151900100708007812e+01
-6.091899108886718750e+01
-6.050379562377929688e+01
-6.023320770263671875e+01
-5.912173080444335938e+01
-5.833578872680664062e+01
-5.780511474609375000e+01
-5.652025222778320312e+01
-5.562855529785156250e+01
-5.504457855224609375e+01
-5.374681091308593750e+01
-5.287303924560546875e+01
-5.137674331665039062e+01
-5.037578964233398438e+01
-6.500000000000000000e+01
-6.296994781494140625e+01
-6.144740676879882812e+01
-6.032580184936523438e+01
-5.952012252807617188e+01
-5.800910568237304688e+01
-5.693064117431640625e+01
-5.619170379638671875e+01
-5.571819305419921875e+01
-5.545114135742187500e+01
-5.534367370605468750e+01
-5.440505981445312500e+01
-5.379766464233398438e+01
-5.344806671142578125e+01
-5.329788970947265625e+01
-5.330077743530273438e+01
-5.341996383666992188e+01
-5.362634658813476562e+01
-5.389693450927734375e+01
-5.421361160278320312e+01
-5.456214904785156250e+01
-5.397791671752929688e+01
-5.364411926269531250e+01
-5.350399398803710938e+01
