-6.500000000000000000e+01
-6.500000000000000000e+01
-6.500000000000000000e+01
-6.500000000000000000e+01
-6.500000000000000000e+01
-6.500000000000000000e+01
-6.500000000000000000e+01
-6.500000000000000000e+01
-6.500000000000000000e+01
-6.500000000000000000e+01
-6.500000000000000000e+01
-6.411599731445312500e+01
-6.343536376953125000e+01
-6.291912841796875000e+01
-6.253549194335937500e+01
-6.225851440429687500e+01
-6.206704711914062500e+01
-6.194387817382812500e+01
-6.187500000000000000e+01
-6.184899902343750000e+01
-6.185662841796875000e+01
-6.189038085937500000e+01
-6.194415283203125000e+01
-6.201306152343750000e+01
-6.209313964843750000e+01
-6.218121337890625000e+01
-6.227471923828125000e+01
-6.237164306640625000e+01
-6.247036743164062500e+01
-6.256964111328125000e+01
-6.266845703125000000e+01
-6.276605224609375000e+01
-6.286181640625000000e+01
-6.295532226562500000e+01
-6.304623413085937500e+01
-6.313433837890625000e+01
-6.321945190429687500e+01
-6.330148315429687500e+01
-6.338040161132812500e+01
-6.345617675781250000e+01
-6.352886962890625000e+01
-6.359848022460937500e+01
-6.366510009765625000e+01
-6.372879028320312500e+01
-6.378964233398437500e+01
-6.384771728515625000e+01
-6.390313720703125000e+01
-6.395602416992187500e+01
-6.400643920898437500e+01
-6.405450439453125000e+01
-6.410031127929687500e+01
-6.414392089843750000e+01
-6.418548583984375000e+01
-6.422506713867187500e+01
-6.426275634765625000e+01
-6.341464233398437500e+01
-6.276815795898437500e+01
-6.228439331054687500e+01
-6.193164062500000000e+01
-6.168405151367187500e+01
-6.152056884765625000e+01
-6.142401123046875000e+01
-6.138043212890625000e+01
-6.137850952148437500e+01
-6.140905761718750000e+01
-6.146459960937500000e+01
-6.153912353515625000e+01
-6.162777709960937500e+01
-6.172665405273437500e+01
-6.183261108398437500e+01
-6.194311523437500000e+01
-6.205621337890625000e+01
-6.217031860351562500e+01
-6.228421020507812500e+01
-6.239694213867187500e+01
-6.250778198242187500e+01
-6.173214721679687500e+01
-6.115698242187500000e+01
-6.074304199218750000e+01
-6.045831298828125000e+01
-6.027673339843750000e+01
-6.017709350585937500e+01
-6.014212036132812500e+01
-6.015786743164062500e+01
-6.021292114257812500e+01
-6.029812622070312500e+01
-6.040606689453125000e+01
-6.053076171875000000e+01
-6.066738891601562500e+01
-6.081210327148437500e+01
-6.096185302734375000e+01
-6.111416625976562500e+01
-6.126715087890625000e+01
-6.141931152343750000e+01
-6.156948852539062500e+01
-6.171676635742187500e+01
-6.186050415039062500e+01
-6.200021362304687500e+01
-6.213552856445312500e+01
-6.226623535156250000e+01
-6.239221191406250000e+01
-6.251339721679687500e+01
-6.262976074218750000e+01
-6.274133300781250000e+01
-6.284823608398437500e+01
-6.295050048828125000e+01
-6.304827880859375000e+01
-6.314172363281250000e+01
-6.323092651367187500e+01
-6.331604003906250000e+01
-6.339721679687500000e+01
-6.347460937500000000e+01
-6.354840087890625000e+01
-6.361871337890625000e+01
-6.368566894531250000e+01
-6.374945068359375000e+01
-6.381018066406250000e+01
-6.386801147460937500e+01
-6.392309570312500000e+01
-6.397549438476562500e+01
-6.402539062500000000e+01
-6.407287597656250000e+01
-6.411807250976562500e+01
-6.416107177734375000e+01
-6.420196533203125000e+01
-6.424087524414062500e+01
-6.427789306640625000e+01
-6.431307983398437500e+01
-6.434655761718750000e+01
-6.437841796875000000e+01
-6.440872192382812500e+01
-6.443753051757812500e+01
-6.446493530273437500e+01
-6.449102783203125000e+01
-6.451583862304687500e+01
-6.453942871093750000e+01
-6.456185913085937500e+01
-6.458322143554687500e+01
-6.460354614257812500e+01
-6.462286376953125000e+01
-6.464123535156250000e+01
-6.465872192382812500e+01
-6.467535400390625000e+01
-6.469116210937500000e+01
-6.470620727539062500e+01
-6.472052001953125000e+01
-6.473413085937500000e+01
-6.474707031250000000e+01
-6.475939941406250000e+01
-6.477111816406250000e+01
-6.478225708007812500e+01
-6.479284667968750000e+01
-6.480294799804687500e+01
-6.481253051757812500e+01
-6.482165527343750000e+01
-6.483032226562500000e+01
-6.483859252929687500e+01
-6.484643554687500000e+01
-6.485391235351562500e+01
-6.486102294921875000e+01
-6.486779785156250000e+01
-6.487423706054687500e+01
-6.488034057617187500e+01
-6.488616943359375000e+01
-6.489169311523437500e+01
-6.489697265625000000e+01
-6.490197753906250000e+01
-6.490673828125000000e+01
-6.491128540039062500e+01
-6.491558837890625000e+01
-6.491967773437500000e+01
-6.492358398437500000e+01
-6.492730712890625000e+01
-6.493084716796875000e+01
-6.493420410156250000e+01
-6.493740844726562500e+01
-6.494046020507812500e+01
-6.494335937500000000e+01
-6.494610595703125000e+01
-6.494873046875000000e+01
-6.495120239257812500e+01
-6.495355224609375000e+01
-6.495581054687500000e+01
-6.495794677734375000e+01
-6.495999145507812500e+01
-6.496191406250000000e+01
-6.496374511718750000e+01
-6.496548461914062500e+01
-6.496716308593750000e+01
-6.496875000000000000e+01
-6.497024536132812500e+01
-6.497167968750000000e+01
-6.497305297851562500e+01
-6.497436523437500000e+01
-6.497558593750000000e+01
-6.497677612304687500e+01
-6.497790527343750000e+01
-6.497897338867187500e+01
-6.497998046875000000e+01
-6.498092651367187500e+01
