-6.500000000000000000e+01
-6.500000000000000000e+01
-6.500000000000000000e+01
-6.500000000000000000e+01
-6.500000000000000000e+01
-6.500000000000000000e+01
-6.500000000000000000e+01
-6.500000000000000000e+01
-6.500000000000000000e+01
-6.411599731445312500e+01
-6.343536376953125000e+01
-6.291912841796875000e+01
-6.253549194335937500e+01
-6.225851440429687500e+01
-6.206704711914062500e+01
-6.194387817382812500e+01
-6.187500000000000000e+01
-6.096499633789062500e+01
-6.029196166992187500e+01
-5.980944824218750000e+01
-5.947955322265625000e+01
-5.927145385742187500e+01
-5.916000366210937500e+01
-5.912484741210937500e+01
-5.914941406250000000e+01
-5.922027587890625000e+01
-5.932656860351562500e+01
-5.945953369140625000e+01
-5.961209106445312500e+01
-5.977853393554687500e+01
-5.995434570312500000e+01
-6.013589477539062500e+01
-6.032028198242187500e+01
-6.050524902343750000e+01
-6.068905639648437500e+01
-6.087033081054687500e+01
-6.104803466796875000e+01
-6.122140502929687500e+01
-6.138983154296875000e+01
-6.155291748046875000e+01
-6.171041870117187500e+01
-6.186215209960937500e+01
-6.200808715820312500e+01
-6.214819335937500000e+01
-6.228256225585937500e+01
-6.241122436523437500e+01
-6.253433227539062500e+01
-6.265203857421875000e+01
-6.276446533203125000e+01
-6.287179565429687500e+01
-6.297421264648437500e+01
-6.307192993164062500e+01
-6.316506958007812500e+01
-6.325384521484375000e+01
-6.333843994140625000e+01
-6.341903686523437500e+01
-6.349578857421875000e+01
-6.356884765625000000e+01
-6.363842773437500000e+01
-6.370465087890625000e+01
-6.288369750976562500e+01
-6.226306152343750000e+01
-6.180392456054687500e+01
-6.147460937500000000e+01
-6.124929809570312500e+01
-6.110702514648437500e+01
-6.103063964843750000e+01
-6.100625610351562500e+01
-6.102258300781250000e+01
-6.107046508789062500e+01
-6.114251708984375000e+01
-6.123275756835937500e+01
-6.133636474609375000e+01
-6.144943237304687500e+01
-6.156890869140625000e+01
-6.169229125976562500e+01
-6.181762695312500000e+01
-6.194335937500000000e+01
-6.206832885742187500e+01
-6.219158935546875000e+01
-6.142843627929687500e+01
-6.086566162109375000e+01
-6.046392822265625000e+01
-6.019116210937500000e+01
-6.002127075195312500e+01
-5.993298339843750000e+01
-5.990902709960937500e+01
-5.993539428710937500e+01
-6.000070190429687500e+01
-6.009579467773437500e+01
-5.932922363281250000e+01
-5.878234863281250000e+01
-5.841140747070312500e+01
-5.818075561523437500e+01
-5.806143188476562500e+01
-5.802984619140625000e+01
-5.806686401367187500e+01
-5.815698242187500000e+01
-5.828768920898437500e+01
-5.844882202148437500e+01
-5.863226318359375000e+01
-5.883142089843750000e+01
-5.904107666015625000e+01
-5.925708007812500000e+01
-5.947607421875000000e+01
-5.969546508789062500e+01
-5.991323852539062500e+01
-5.924383544921875000e+01
-5.877340698242187500e+01
-5.846209716796875000e+01
-5.827746582031250000e+01
-5.819311523437500000e+01
-5.818759155273437500e+01
-5.824356079101562500e+01
-5.834689331054687500e+01
-5.848620605468750000e+01
-5.865228271484375000e+01
-5.883776855468750000e+01
-5.903671264648437500e+01
-5.924438476562500000e+01
-5.945700073242187500e+01
-5.967160034179687500e+01
-5.988586425781250000e+01
-5.921395874023437500e+01
-5.874182128906250000e+01
-5.842947387695312500e+01
-5.824429321289062500e+01
-5.815982055664062500e+01
-5.815451049804687500e+01
-5.821087646484375000e+01
-5.831481933593750000e+01
-5.845486450195312500e+01
-5.773782348632812500e+01
-5.724359130859375000e+01
-5.692727661132812500e+01
-5.675228881835937500e+01
-5.668893432617187500e+01
-5.671307373046875000e+01
-5.680517578125000000e+01
-5.694934082031250000e+01
-5.713281250000000000e+01
-5.734524536132812500e+01
-5.757836914062500000e+01
-5.782553100585937500e+01
-5.808145141601562500e+01
-5.834194946289062500e+01
-5.860369873046875000e+01
-5.886410522460937500e+01
-5.912118530273437500e+01
-5.848937988281250000e+01
-5.805487060546875000e+01
-5.777789306640625000e+01
-5.762603759765625000e+01
-5.757296752929687500e+01
-5.759732055664062500e+01
-5.768173217773437500e+01
-5.781219482421875000e+01
-5.797732543945312500e+01
-5.816799926757812500e+01
-5.837692260742187500e+01
-5.859817504882812500e+01
-5.882711791992187500e+01
-5.905999755859375000e+01
-5.929388427734375000e+01
-5.952648925781250000e+01
-5.975604248046875000e+01
-5.998120117187500000e+01
-6.020092773437500000e+01
-6.041448974609375000e+01
-6.062136840820312500e+01
-6.082119750976562500e+01
-6.101376342773437500e+01
-6.119900512695312500e+01
-6.137689208984375000e+01
-6.154745483398437500e+01
-6.171084594726562500e+01
-6.186718750000000000e+01
-6.201663208007812500e+01
-6.215942382812500000e+01
-6.229577636718750000e+01
-6.154190063476562500e+01
-6.098535156250000000e+01
-6.058743286132812500e+01
-6.031652832031250000e+01
-6.014697265625000000e+01
-6.005786132812500000e+01
-6.003213500976562500e+01
-6.005603027343750000e+01
-6.011834716796875000e+01
-6.021005249023437500e+01
-5.943981933593750000e+01
-5.888912963867187500e+01
-5.851428222656250000e+01
-5.827969360351562500e+01
-5.815640258789062500e+01
-5.812088012695312500e+01
-5.815405273437500000e+01
-5.824038696289062500e+01
-5.836740112304687500e+01
-5.764096069335937500e+01
