-6.500000000000000000e+01
-6.500000000000000000e+01
-6.500000000000000000e+01
-6.500000000000000000e+01
-6.500000000000000000e+01
-6.500000000000000000e+01
-6.500000000000000000e+01
-6.500000000000000000e+01
-6.500000000000000000e+01
-6.500000000000000000e+01
-6.500000000000000000e+01
-6.500000000000000000e+01
-6.500000000000000000e+01
-6.500000000000000000e+01
-6.500000000000000000e+01
-6.500000000000000000e+01
-6.500000000000000000e+01
-6.500000000000000000e+01
-6.500000000000000000e+01
-6.404650115966796875e+01
-6.333137512207031250e+01
-6.280456542968750000e+01
-6.242614364624023438e+01
-6.216428375244140625e+01
-6.199362564086914062e+01
-6.189398956298828125e+01
-6.184932708740234375e+01
-6.184688949584960938e+01
-6.187656784057617188e+01
-6.193035888671875000e+01
-6.200193405151367188e+01
-6.208631515502929688e+01
-6.217958068847656250e+01
-6.227866744995117188e+01
-6.238118743896484375e+01
-6.248529052734375000e+01
-6.258955383300781250e+01
-6.269289779663085938e+01
-6.279450988769531250e+01
-6.289379119873046875e+01
-6.299030685424804688e+01
-6.308375549316406250e+01
-6.317393875122070312e+01
-6.326073837280273438e+01
-6.334410095214843750e+01
-6.342401504516601562e+01
-6.350050735473632812e+01
-6.262013626098632812e+01
-6.197485351562500000e+01
-6.151469039916992188e+01
-6.119982147216796875e+01
-6.099851989746093750e+01
-6.088554763793945312e+01
-6.084083175659179688e+01
-6.084843826293945312e+01
-6.089573669433593750e+01
-6.097272491455078125e+01
-6.107151031494140625e+01
-6.118587112426757812e+01
-6.131092834472656250e+01
-6.144285964965820312e+01
-6.157870101928710938e+01
-6.171615219116210938e+01
-6.185345458984375000e+01
-6.198926925659179688e+01
-6.212259674072265625e+01
-6.225270080566406250e+01
-6.237905120849609375e+01
-6.250128555297851562e+01
-6.261917114257812500e+01
-6.177907180786132812e+01
-6.117280578613281250e+01
-6.075031661987304688e+01
-6.047172164916992188e+01
-6.030527114868164062e+01
-6.022571563720703125e+01
-6.021299743652343750e+01
-6.025120162963867188e+01
-6.032772445678710938e+01
-6.043260574340820312e+01
-6.055798721313476562e+01
-6.069769668579101562e+01
-6.084690093994140625e+01
-6.100182723999023438e+01
-6.115955352783203125e+01
-6.131782913208007812e+01
-6.147494125366210938e+01
-6.162959671020507812e+01
-6.178083801269531250e+01
-6.192797470092773438e+01
-6.207051849365234375e+01
-6.220814514160156250e+01
-6.234066009521484375e+01
-6.246796417236328125e+01
-6.259003829956054688e+01
-6.270691299438476562e+01
-6.281866836547851562e+01
-6.292541503906250000e+01
-6.302729034423828125e+01
-6.312444305419921875e+01
-6.321703338623046875e+01
-6.330523300170898438e+01
-6.338920974731445312e+01
-6.346914291381835938e+01
-6.354520034790039062e+01
-6.361754989624023438e+01
-6.368635940551757812e+01
-6.375179290771484375e+01
-6.381400299072265625e+01
-6.387314224243164062e+01
-6.392935943603515625e+01
-6.398278808593750000e+01
-6.403356933593750000e+01
-6.408182525634765625e+01
-6.412768554687500000e+01
-6.417125701904296875e+01
-6.421266174316406250e+01
-6.425199890136718750e+01
-6.428937530517578125e+01
-6.432489013671875000e+01
-6.435863494873046875e+01
-6.439069366455078125e+01
-6.442115020751953125e+01
-6.445008850097656250e+01
-6.447757720947265625e+01
-6.450369262695312500e+01
-6.452850341796875000e+01
-6.455207824707031250e+01
-6.457447052001953125e+01
-6.459574890136718750e+01
-6.461595916748046875e+01
-6.463516235351562500e+01
-6.465340423583984375e+01
-6.467073059082031250e+01
-6.468719482421875000e+01
-6.470283508300781250e+01
-6.471768951416015625e+01
-6.473180389404296875e+01
-6.474521636962890625e+01
-6.475795745849609375e+01
-6.477005767822265625e+01
-6.478155517578125000e+01
-6.479248046875000000e+01
-6.480285644531250000e+01
-6.481271362304687500e+01
-6.482207489013671875e+01
-6.483097076416015625e+01
-6.483942413330078125e+01
-6.484745025634765625e+01
-6.485507965087890625e+01
-6.486232757568359375e+01
-6.486920928955078125e+01
-6.487574768066406250e+01
-6.488195800781250000e+01
-6.488786315917968750e+01
-6.489347076416015625e+01
-6.489879608154296875e+01
-6.395035552978515625e+01
-6.324003601074218750e+01
-6.271779251098632812e+01
-6.234371185302734375e+01
-6.208597183227539062e+01
-6.191923141479492188e+01
-6.182331466674804688e+01
-6.178218460083007812e+01
-6.178310394287109375e+01
-6.181597137451171875e+01
-6.187279129028320312e+01
-6.194724655151367188e+01
-6.203435897827148438e+01
-6.117672348022460938e+01
-6.056315231323242188e+01
-6.014120483398437500e+01
-5.986911392211914062e+01
-5.971363449096679688e+01
-5.964833450317382812e+01
-5.965222167968750000e+01
-5.970865249633789062e+01
-5.980445480346679688e+01
-5.992921829223632812e+01
-6.007474899291992188e+01
-6.023460388183593750e+01
-6.040374755859375000e+01
-6.057825851440429688e+01
-6.075510406494140625e+01
-6.093195724487304688e+01
-6.110704421997070312e+01
-6.127904129028320312e+01
-6.144696807861328125e+01
-6.161012268066406250e+01
-6.176802062988281250e+01
-6.192034149169921875e+01
-6.206690216064453125e+01
-6.220761871337890625e+01
-6.234248733520507812e+01
-6.247156143188476562e+01
-6.259494400024414062e+01
-6.271276473999023438e+01
-6.282518005371093750e+01
-6.293236541748046875e+01
