-6.500000000000000000e+01
-6.404650115966796875e+01
-6.333137512207031250e+01
-6.280456542968750000e+01
-6.242614364624023438e+01
-6.216428375244140625e+01
-6.199362564086914062e+01
-6.189398956298828125e+01
-6.184932708740234375e+01
-6.184688949584960938e+01
-6.187656784057617188e+01
-6.193035888671875000e+01
-6.200193405151367188e+01
-6.208631515502929688e+01
-6.217958068847656250e+01
-6.227866744995117188e+01
-6.238118743896484375e+01
-6.248529052734375000e+01
-6.258955383300781250e+01
-6.173939895629882812e+01
-6.112588882446289062e+01
-6.069836044311523438e+01
-6.041645431518554688e+01
-6.024804306030273438e+01
-6.016756820678710938e+01
-5.920123291015625000e+01
-5.852480697631835938e+01
-5.807547378540039062e+01
-5.780322647094726562e+01
-5.766828536987304688e+01
-5.763904953002929688e+01
-5.769043731689453125e+01
-5.684908676147460938e+01
-5.629117202758789062e+01
-5.595424270629882812e+01
-5.578863525390625000e+01
-5.575488662719726562e+01
-5.582168960571289062e+01
-5.596424102783203125e+01
-5.616293716430664062e+01
-5.544881820678710938e+01
-5.500159835815429688e+01
-5.476169586181640625e+01
-5.468175506591796875e+01
-5.472418212890625000e+01
-5.485918426513671875e+01
-5.506319427490234375e+01
-5.531760787963867188e+01
-5.560778808593750000e+01
-5.592224502563476562e+01
-5.625201034545898438e+01
-5.659011077880859375e+01
-5.693116760253906250e+01
-5.727105712890625000e+01
-5.760666275024414062e+01
-5.793565750122070312e+01
-5.825633621215820312e+01
-5.856748962402343750e+01
-5.886828994750976562e+01
-5.915821456909179688e+01
-5.943697738647460938e+01
-5.970446777343750000e+01
-5.996071624755859375e+01
-5.925235748291015625e+01
-5.877148056030273438e+01
-5.846829986572265625e+01
-5.830319976806640625e+01
-5.824468994140625000e+01
-5.826777648925781250e+01
-5.835264587402343750e+01
-5.848361968994140625e+01
-5.769482421875000000e+01
-5.621488952636718750e+01
-5.517798995971679688e+01
-5.448816680908203125e+01
-5.406901931762695312e+01
-5.385977935791015625e+01
-5.381215667724609375e+01
-5.388784408569335938e+01
-5.405648803710937500e+01
-5.429409027099609375e+01
-5.458172988891601562e+01
-5.490451812744140625e+01
-5.525078964233398438e+01
-5.561145019531250000e+01
-5.597943878173828125e+01
-5.634931564331054688e+01
-5.671692657470703125e+01
-5.707914352416992188e+01
-5.743363571166992188e+01
-5.682521438598632812e+01
-5.644456100463867188e+01
-5.528731918334960938e+01
-5.450494384765625000e+01
-5.401528930664062500e+01
-5.375299835205078125e+01
-5.271262741088867188e+01
-5.204481887817382812e+01
-5.166683578491210938e+01
-5.151290130615234375e+01
-5.153078079223632812e+01
-5.167906188964843750e+01
-5.097146606445312500e+01
-6.500000000000000000e+01
-6.335806655883789062e+01
-6.212661743164062500e+01
-6.121945190429687500e+01
-6.056781005859375000e+01
-6.011688232421875000e+01
-5.982300949096679688e+01
-5.965143585205078125e+01
-5.957452774047851562e+01
-5.957033157348632812e+01
-5.962143707275390625e+01
-5.971406555175781250e+01
-5.983732223510742188e+01
-5.998262405395507812e+01
-5.918972778320312500e+01
-5.864522933959960938e+01
-5.829495620727539062e+01
-5.809579849243164062e+01
-5.801348114013671875e+01
-5.802078628540039062e+01
-5.714263153076171875e+01
-5.655380630493164062e+01
-5.619076156616210938e+01
-5.600294113159179688e+01
-5.595016860961914062e+01
-5.600055694580078125e+01
-5.612884902954101562e+01
-5.631505966186523438e+01
-5.654343032836914062e+01
-5.680155944824218750e+01
-5.707971954345703125e+01
-5.737032318115234375e+01
-5.766748046875000000e+01
-5.796664428710937500e+01
-5.826434326171875000e+01
-5.855794906616210938e+01
-5.789200973510742188e+01
-5.745697784423828125e+01
-5.720178222656250000e+01
-5.708581542968750000e+01
-5.612332153320312500e+01
-5.548059463500976562e+01
-5.508731460571289062e+01
-5.488755035400390625e+01
-5.483685302734375000e+01
-5.489995574951171875e+01
-5.504891204833984375e+01
-5.430813217163085938e+01
-5.385205841064453125e+01
-5.361692047119140625e+01
-5.355204772949218750e+01
-5.361722183227539062e+01
-5.378058242797851562e+01
-5.401692962646484375e+01
-5.430638504028320312e+01
-5.463330841064453125e+01
-5.498543548583984375e+01
-5.535319900512695312e+01
-5.572916793823242188e+01
-5.515410995483398438e+01
-5.481552505493164062e+01
-5.466004562377929688e+01
-5.464528274536132812e+01
-5.473760986328125000e+01
-5.491040039062500000e+01
-5.514262008666992188e+01
-5.541767883300781250e+01
-5.572254562377929688e+01
-5.604701995849609375e+01
-5.638315200805664062e+01
-5.672478103637695312e+01
-5.706716918945312500e+01
-5.740671157836914062e+01
-5.774069976806640625e+01
-5.806712341308593750e+01
-5.838453292846679688e+01
-5.773841857910156250e+01
-5.731998825073242188e+01
-5.707878112792968750e+01
-5.697467422485351562e+01
-5.697580718994140625e+01
-5.705691146850585938e+01
-5.719797897338867188e+01
-5.738321304321289062e+01
-5.760015869140625000e+01
-5.688553619384765625e+01
-5.642356872558593750e+01
-5.615823745727539062e+01
-5.604500198364257812e+01
-5.604849243164062500e+01
-5.614065933227539062e+01
-5.629930114746093750e+01
-5.650687408447265625e+01
-5.674956130981445312e+01
-5.701651000976562500e+01
-5.729922485351562500e+01
-5.759109497070312500e+01
