-6.500000000000000000e+01
-6.500000000000000000e+01
-6.146408081054687500e+01
-5.874154663085937500e+01
-5.667657470703125000e+01
-5.514196777343750000e+01
-5.403396606445312500e+01
-5.326800537109375000e+01
-5.189120483398437500e+01
-5.093481445312500000e+01
-6.500000000000000000e+01
-6.320666503906250000e+01
-6.182589721679687500e+01
-6.077862548828125000e+01
-6.000033569335937500e+01
-5.943838500976562500e+01
-5.904989624023437500e+01
-5.879995727539062500e+01
-5.866012573242187500e+01
-5.860729980468750000e+01
-5.862268066406250000e+01
-5.869100952148437500e+01
-5.880001831054687500e+01
-5.893972778320312500e+01
-5.910211181640625000e+01
-5.928073120117187500e+01
-5.947039794921875000e+01
-5.966699218750000000e+01
-5.986724853515625000e+01
-6.006860351562500000e+01
-6.026904296875000000e+01
-6.046697998046875000e+01
-5.977722167968750000e+01
-5.928619384765625000e+01
-5.895431518554687500e+01
-5.874932861328125000e+01
-5.864492797851562500e+01
-5.861981201171875000e+01
-5.865667724609375000e+01
-5.874148559570312500e+01
-5.797888183593750000e+01
-5.744702148437500000e+01
-5.709960937500000000e+01
-5.689889526367187500e+01
-5.681420898437500000e+01
-5.593661499023437500e+01
-5.444927978515625000e+01
-5.338421630859375000e+01
-5.265744018554687500e+01
-5.220053100585937500e+01
-5.195785522460937500e+01
-5.100018310546875000e+01
-5.037811279296875000e+01
-5.002291870117187500e+01
-6.500000000000000000e+01
-6.428396606445312500e+01
-6.373263549804687500e+01
-6.331448364257812500e+01
-6.300372314453125000e+01
-6.277935791015625000e+01
-6.174029541015625000e+01
-6.095989990234375000e+01
-6.038784790039062500e+01
-5.998309326171875000e+01
-5.971224975585937500e+01
-5.954806518554687500e+01
-5.858441162109375000e+01
-5.700665283203125000e+01
-5.584854125976562500e+01
-5.502749633789062500e+01
-5.447622680664062500e+01
-5.413992309570312500e+01
-5.309002685546875000e+01
-5.149368286132812500e+01
-5.036984252929687500e+01
-6.500000000000000000e+01
-6.380517578125000000e+01
-6.288522338867187500e+01
-6.218746948242187500e+01
-6.166894531250000000e+01
-6.041058349609375000e+01
-5.947113037109375000e+01
-5.878839111328125000e+01
-5.831158447265625000e+01
-5.799935913085937500e+01
-5.781808471679687500e+01
-5.774041748046875000e+01
-5.774411010742187500e+01
-5.781112670898437500e+01
-5.792687988281250000e+01
-5.719558715820312500e+01
-5.669506835937500000e+01
-5.637866210937500000e+01
-5.620849609375000000e+01
-5.615368652343750000e+01
-5.618920898437500000e+01
-5.629476928710937500e+01
-5.645391845703125000e+01
-5.576943969726562500e+01
-5.531799316406250000e+01
-5.505200195312500000e+01
-5.493280029296875000e+01
-5.492898559570312500e+01
-5.501507568359375000e+01
-5.517037963867187500e+01
-5.537823486328125000e+01
-5.562518310546875000e+01
-5.590039062500000000e+01
-5.619519042968750000e+01
-5.561865234375000000e+01
-5.525256347656250000e+01
-5.505361938476562500e+01
-5.498663330078125000e+01
-5.502297973632812500e+01
-5.425552368164062500e+01
-5.375280761718750000e+01
-5.346072387695312500e+01
-5.333526611328125000e+01
-5.334066772460937500e+01
-5.256399536132812500e+01
-5.206906127929687500e+01
-5.179791259765625000e+01
-5.170346069335937500e+01
-5.174746704101562500e+01
-5.189889526367187500e+01
-5.213265991210937500e+01
-5.242846679687500000e+01
-5.276998901367187500e+01
-5.314407348632812500e+01
-5.354022216796875000e+01
-5.395007324218750000e+01
-5.436694335937500000e+01
-5.478561401367187500e+01
-5.520199584960937500e+01
-5.561288452148437500e+01
-5.601586914062500000e+01
-5.640914916992187500e+01
-5.679138183593750000e+01
-5.716165161132812500e+01
-5.751931762695312500e+01
-5.786398315429687500e+01
-5.819549560546875000e+01
-5.851385498046875000e+01
-5.881912231445312500e+01
-5.911154174804687500e+01
-5.939132690429687500e+01
-5.965881347656250000e+01
-5.991436767578125000e+01
-6.015835571289062500e+01
-6.039117431640625000e+01
-6.061325073242187500e+01
-6.082498168945312500e+01
-6.102682495117187500e+01
-6.121914672851562500e+01
-6.140234375000000000e+01
-6.157684326171875000e+01
-6.174301147460937500e+01
-6.190124511718750000e+01
-6.205187988281250000e+01
-6.131124877929687500e+01
-6.076705932617187500e+01
-6.038067626953125000e+01
-6.012060546875000000e+01
-5.996121215820312500e+01
-5.988162231445312500e+01
-5.986489868164062500e+01
-5.989727783203125000e+01
-5.996762084960937500e+01
-6.006689453125000000e+01
-6.018783569335937500e+01
-6.032455444335937500e+01
-6.047238159179687500e+01
-6.062756347656250000e+01
-5.990307617187500000e+01
-5.938391113281250000e+01
-5.902926635742187500e+01
-5.880584716796875000e+01
-5.868661499023437500e+01
-5.864956665039062500e+01
-5.867684936523437500e+01
-5.875399780273437500e+01
-5.886929321289062500e+01
-5.901330566406250000e+01
-5.917837524414062500e+01
-5.935839843750000000e+01
-5.954849243164062500e+01
-5.886074829101562500e+01
-5.749542236328125000e+01
-5.649847412109375000e+01
-5.579721069335937500e+01
-5.533242797851562500e+01
-5.505593872070312500e+01
-5.492849731445312500e+01
-5.491830444335937500e+01
-5.499951171875000000e+01
-5.515118408203125000e+01
-5.447238159179687500e+01
-5.403680419921875000e+01
-5.379449462890625000e+01
-5.370486450195312500e+01
