-6.500000000000000000e+01
-6.500000000000000000e+01
-6.146408081054687500e+01
-5.874154663085937500e+01
-5.667657470703125000e+01
-5.514196777343750000e+01
-5.314996337890625000e+01
-5.170333862304687500e+01
-6.500000000000000000e+01
-6.291918945312500000e+01
-6.131704711914062500e+01
-6.010183715820312500e+01
-5.831475830078125000e+01
-5.609808349609375000e+01
-5.356643676757812500e+01
-5.169586181640625000e+01
-6.500000000000000000e+01
-6.264862060546875000e+01
-6.083816528320312500e+01
-5.946496582031250000e+01
-5.844445800781250000e+01
-5.770761108398437500e+01
-5.719824218750000000e+01
-5.687051391601562500e+01
-5.668716430664062500e+01
-5.661785888671875000e+01
-5.663796997070312500e+01
-5.672756958007812500e+01
-5.598648071289062500e+01
-5.548898315429687500e+01
-5.518563842773437500e+01
-5.503616333007812500e+01
-5.500784301757812500e+01
-5.507412719726562500e+01
-5.521350097656250000e+01
-5.540856933593750000e+01
-5.564529418945312500e+01
-5.591235351562500000e+01
-5.531668090820312500e+01
-5.493838500976562500e+01
-5.473272705078125000e+01
-5.377932739257812500e+01
-5.313601684570312500e+01
-5.273992919921875000e+01
-5.253982543945312500e+01
-5.249414062500000000e+01
-5.256912231445312500e+01
-5.273742675781250000e+01
-5.297689819335937500e+01
-5.326971435546875000e+01
-5.360147094726562500e+01
-5.396060180664062500e+01
-5.345391845703125000e+01
-5.316140747070312500e+01
-5.303826904296875000e+01
-5.304809570312500000e+01
-5.227743530273437500e+01
-5.178970336914062500e+01
-5.064263916015625000e+01
-6.500000000000000000e+01
-6.219152832031250000e+01
-6.002911376953125000e+01
-5.838900756835937500e+01
-5.717013549804687500e+01
-5.540609741210937500e+01
-5.411709594726562500e+01
-5.320944213867187500e+01
-5.260678100585937500e+01
-5.224700927734375000e+01
-5.207955932617187500e+01
-5.206338500976562500e+01
-5.216516113281250000e+01
-5.235787963867187500e+01
-5.261975097656250000e+01
-5.293316650390625000e+01
-5.328393554687500000e+01
-5.277670288085937500e+01
-5.248974609375000000e+01
-5.149285888671875000e+01
-6.500000000000000000e+01
-6.319906616210937500e+01
-6.092843627929687500e+01
-5.831207275390625000e+01
-5.633355712890625000e+01
-5.486932373046875000e+01
-5.381854248046875000e+01
-5.309902954101562500e+01
-5.175988769531250000e+01
-5.083401489257812500e+01
-6.500000000000000000e+01
-6.322283935546875000e+01
-6.185449218750000000e+01
-5.993261718750000000e+01
-5.848068237304687500e+01
-5.740756225585937500e+01
-5.663894653320312500e+01
-5.611425781250000000e+01
-5.578417968750000000e+01
-5.560861206054687500e+01
-5.555493164062500000e+01
-5.559664916992187500e+01
-5.571228027343750000e+01
-5.500045776367187500e+01
-5.453451538085937500e+01
-5.338015747070312500e+01
-5.169989013671875000e+01
-6.500000000000000000e+01
-6.277011108398437500e+01
-6.105316162109375000e+01
-5.975091552734375000e+01
-5.878311157226562500e+01
-5.808435058593750000e+01
-5.760128784179687500e+01
-5.729049682617187500e+01
-5.623260498046875000e+01
-5.548623657226562500e+01
-5.410510253906250000e+01
-5.312579345703125000e+01
-5.246807861328125000e+01
-5.206661987304687500e+01
-5.098431396484375000e+01
-5.026531982421875000e+01
-6.500000000000000000e+01
-6.245217895507812500e+01
-6.049047851562500000e+01
-5.900259399414062500e+01
-5.701284790039062500e+01
-5.464984130859375000e+01
-5.290103149414062500e+01
-5.164602661132812500e+01
-5.078671264648437500e+01
-6.500000000000000000e+01
-6.326373291015625000e+01
-6.192687988281250000e+01
-6.091290283203125000e+01
-5.927536010742187500e+01
-5.805065917968750000e+01
-5.715832519531250000e+01
-5.653271484375000000e+01
-5.612033081054687500e+01
-5.587768554687500000e+01
-5.576934814453125000e+01
-5.576657104492187500e+01
-5.584606933593750000e+01
-5.510491943359375000e+01
-5.373123168945312500e+01
-5.187701416015625000e+01
-5.054895019531250000e+01
-6.500000000000000000e+01
-6.368081665039062500e+01
-6.266510009765625000e+01
-6.189471435546875000e+01
-6.132217407226562500e+01
-6.090881347656250000e+01
-5.973907470703125000e+01
-5.887457275390625000e+01
-5.825546264648437500e+01
-5.783294677734375000e+01
-5.756726074218750000e+01
-5.742605590820312500e+01
-5.649908447265625000e+01
-5.585229492187500000e+01
-5.542944335937500000e+01
-5.518475341796875000e+01
-5.419696044921875000e+01
-5.352316284179687500e+01
-5.309988403320312500e+01
-5.287545776367187500e+01
-5.280783081054687500e+01
-5.197897338867187500e+01
-5.144857788085937500e+01
-5.115530395507812500e+01
-5.104928588867187500e+01
-5.109008789062500000e+01
-5.124481201171875000e+01
-5.148690795898437500e+01
-5.179492187500000000e+01
-5.126757812500000000e+01
-5.009429931640625000e+01
-6.500000000000000000e+01
-6.304086303710937500e+01
-6.153240966796875000e+01
-5.950430297851562500e+01
-5.708938598632812500e+01
-5.527856445312500000e+01
-5.395425415039062500e+01
-5.302053833007812500e+01
-5.239926147460937500e+01
-5.114282226562500000e+01
-6.500000000000000000e+01
-6.213812255859375000e+01
-5.993460083007812500e+01
-5.826327514648437500e+01
-5.613720703125000000e+01
-5.455978393554687500e+01
-5.253958129882812500e+01
-5.107641601562500000e+01
-5.005999755859375000e+01
-6.500000000000000000e+01
-6.386355590820312500e+01
