-6.500000000000000000e+01
-6.500000000000000000e+01
-6.500000000000000000e+01
-6.500000000000000000e+01
-6.500000000000000000e+01
-6.500000000000000000e+01
-6.500000000000000000e+01
-6.500000000000000000e+01
-6.500000000000000000e+01
-6.500000000000000000e+01
-6.411599731445312500e+01
-6.343536376953125000e+01
-6.291912841796875000e+01
-6.253549194335937500e+01
-6.225851440429687500e+01
-6.206704711914062500e+01
-6.194387817382812500e+01
-6.187500000000000000e+01
-6.184899902343750000e+01
-6.185662841796875000e+01
-6.189038085937500000e+01
-6.194415283203125000e+01
-6.201306152343750000e+01
-6.209313964843750000e+01
-6.218121337890625000e+01
-6.227471923828125000e+01
-6.237164306640625000e+01
-6.158636474609375000e+01
-6.100497436523437500e+01
-6.058752441406250000e+01
-6.030142211914062500e+01
-6.012014770507812500e+01
-6.002212524414062500e+01
-5.998980712890625000e+01
-6.000894165039062500e+01
-6.006799316406250000e+01
-6.015759277343750000e+01
-6.027020263671875000e+01
-5.951574707031250000e+01
-5.897665405273437500e+01
-5.861007690429687500e+01
-5.838107299804687500e+01
-5.826126098632812500e+01
-5.822753906250000000e+01
-5.826116943359375000e+01
-5.834692382812500000e+01
-5.847253417968750000e+01
-5.862805175781250000e+01
-5.880551147460937500e+01
-5.899850463867187500e+01
-5.920187377929687500e+01
-5.852752685546875000e+01
-5.805957031250000000e+01
-5.775650024414062500e+01
-5.758450317382812500e+01
-5.751611328125000000e+01
-5.752899169921875000e+01
-5.760510253906250000e+01
-5.772976684570312500e+01
-5.789111328125000000e+01
-5.807965087890625000e+01
-5.828765869140625000e+01
-5.762503051757812500e+01
-5.717416381835937500e+01
-5.689221191406250000e+01
-5.674432373046875000e+01
-5.670214843750000000e+01
-5.674264526367187500e+01
-5.684719848632812500e+01
-5.700070190429687500e+01
-5.719097900390625000e+01
-5.740820312500000000e+01
-5.764450073242187500e+01
-5.789355468750000000e+01
-5.815036010742187500e+01
-5.841091918945312500e+01
-5.867211914062500000e+01
-5.893148803710937500e+01
-5.918713378906250000e+01
-5.943765258789062500e+01
-5.968191528320312500e+01
-5.991918945312500000e+01
-6.014892578125000000e+01
-5.948672485351562500e+01
-5.901974487304687500e+01
-5.870895385742187500e+01
-5.852252197265625000e+01
-5.843460083007812500e+01
-5.842419433593750000e+01
-5.847424316406250000e+01
-5.857092285156250000e+01
-5.870306396484375000e+01
-5.886166381835937500e+01
-5.903945922851562500e+01
-5.923065185546875000e+01
-5.943054199218750000e+01
-5.963546752929687500e+01
-5.984249877929687500e+01
-6.004934692382812500e+01
-6.025421142578125000e+01
-6.045571899414062500e+01
-6.065286254882812500e+01
-6.084484863281250000e+01
-6.103109741210937500e+01
-6.121124267578125000e+01
-6.138504028320312500e+01
-6.155236816406250000e+01
-6.171316528320312500e+01
-6.186746215820312500e+01
-6.201531982421875000e+01
-6.215686035156250000e+01
-6.229226684570312500e+01
-6.242166137695312500e+01
-6.254522705078125000e+01
-6.177920532226562500e+01
-6.121112060546875000e+01
-6.080221557617187500e+01
-6.052087402343750000e+01
-6.034136962890625000e+01
-6.024276733398437500e+01
-6.020803833007812500e+01
-6.022335815429687500e+01
-6.027752685546875000e+01
-6.036145019531250000e+01
-5.958383178710937500e+01
-5.902612304687500000e+01
-5.864459228515625000e+01
-5.840365600585937500e+01
-5.827432250976562500e+01
-5.823306274414062500e+01
-5.826074218750000000e+01
-5.834188842773437500e+01
-5.846395874023437500e+01
-5.861682128906250000e+01
-5.879229736328125000e+01
-5.898385620117187500e+01
-5.918624877929687500e+01
-5.939529418945312500e+01
-5.960763549804687500e+01
-5.982070922851562500e+01
-5.914843750000000000e+01
-5.867663574218750000e+01
-5.836511230468750000e+01
-5.818115234375000000e+01
-5.809817504882812500e+01
-5.809457397460937500e+01
-5.815283203125000000e+01
-5.825872802734375000e+01
-5.840081787109375000e+01
-5.856982421875000000e+01
-5.875830078125000000e+01
-5.896026611328125000e+01
-5.917092895507812500e+01
-5.938653564453125000e+01
-5.960409545898437500e+01
-5.982125854492187500e+01
-6.003616333007812500e+01
-6.024743652343750000e+01
-5.957000732421875000e+01
-5.909042358398437500e+01
-5.876919555664062500e+01
-5.857412719726562500e+01
-5.847900390625000000e+01
-5.846258544921875000e+01
-5.850759887695312500e+01
-5.860006713867187500e+01
-5.872866821289062500e+01
-5.888427734375000000e+01
-5.905950927734375000e+01
-5.924853515625000000e+01
-5.944662475585937500e+01
-5.964999389648437500e+01
-5.985568237304687500e+01
-5.917736816406250000e+01
-5.870056152343750000e+01
-5.838491821289062500e+01
-5.819760131835937500e+01
-5.811187744140625000e+01
-5.810601806640625000e+01
-5.816241455078125000e+01
-5.826678466796875000e+01
-5.752362060546875000e+01
-5.701095581054687500e+01
-5.668231201171875000e+01
-5.649990844726562500e+01
-5.643298339843750000e+01
-5.645660400390625000e+01
-5.655053710937500000e+01
-5.669842529296875000e+01
-5.688699340820312500e+01
-5.710559082031250000e+01
-5.734564208984375000e+01
-5.760025024414062500e+01
-5.786398315429687500e+01
-5.813247680664062500e+01
-5.840231323242187500e+01
-5.867080688476562500e+01
-5.893588256835937500e+01
-5.919595336914062500e+01
-5.944982910156250000e+01
