-6.500000000000000000e+01
-6.500000000000000000e+01
-6.500000000000000000e+01
-6.500000000000000000e+01
-6.500000000000000000e+01
-6.500000000000000000e+01
-6.500000000000000000e+01
-6.500000000000000000e+01
-6.500000000000000000e+01
-6.500000000000000000e+01
-6.411599731445312500e+01
-6.343536376953125000e+01
-6.291912841796875000e+01
-6.253549194335937500e+01
-6.225851440429687500e+01
-6.206704711914062500e+01
-6.194387817382812500e+01
-6.187500000000000000e+01
-6.184899902343750000e+01
-6.185662841796875000e+01
-6.189038085937500000e+01
-6.194415283203125000e+01
-6.201306152343750000e+01
-6.209313964843750000e+01
-6.218121337890625000e+01
-6.227471923828125000e+01
-6.237164306640625000e+01
-6.247036743164062500e+01
-6.256964111328125000e+01
-6.266845703125000000e+01
-6.276605224609375000e+01
-6.286181640625000000e+01
-6.295532226562500000e+01
-6.304623413085937500e+01
-6.313433837890625000e+01
-6.321945190429687500e+01
-6.330148315429687500e+01
-6.338040161132812500e+01
-6.345617675781250000e+01
-6.352886962890625000e+01
-6.359848022460937500e+01
-6.366510009765625000e+01
-6.372879028320312500e+01
-6.378964233398437500e+01
-6.384771728515625000e+01
-6.390313720703125000e+01
-6.395602416992187500e+01
-6.400643920898437500e+01
-6.405450439453125000e+01
-6.410031127929687500e+01
-6.414392089843750000e+01
-6.418548583984375000e+01
-6.422506713867187500e+01
-6.426275634765625000e+01
-6.429864501953125000e+01
-6.433279418945312500e+01
-6.436532592773437500e+01
-6.439627075195312500e+01
-6.442568969726562500e+01
-6.445367431640625000e+01
-6.359631347656250000e+01
-6.294100952148437500e+01
-6.244888305664062500e+01
-6.208816528320312500e+01
-6.183300781250000000e+01
-6.166229248046875000e+01
-6.155886840820312500e+01
-6.150875854492187500e+01
-6.150061035156250000e+01
-6.152520751953125000e+01
-6.157510375976562500e+01
-6.164425659179687500e+01
-6.172778320312500000e+01
-6.093777465820312500e+01
-6.035842895507812500e+01
-5.994827270507812500e+01
-5.967352294921875000e+01
-5.950665283203125000e+01
-5.942526245117187500e+01
-5.941119384765625000e+01
-5.944964599609375000e+01
-5.952868652343750000e+01
-5.963864135742187500e+01
-5.977166748046875000e+01
-5.992147827148437500e+01
-6.008306884765625000e+01
-6.025241088867187500e+01
-6.042626953125000000e+01
-6.060211181640625000e+01
-6.077795410156250000e+01
-6.095223999023437500e+01
-6.112377929687500000e+01
-6.129165649414062500e+01
-6.145520019531250000e+01
-6.161392211914062500e+01
-6.176748657226562500e+01
-6.191567993164062500e+01
-6.205838012695312500e+01
-6.219549560546875000e+01
-6.232708740234375000e+01
-6.245321655273437500e+01
-6.257397460937500000e+01
-6.268948364257812500e+01
-6.279989624023437500e+01
-6.290533447265625000e+01
-6.300598144531250000e+01
-6.310202026367187500e+01
-6.319360351562500000e+01
-6.328091430664062500e+01
-6.336410522460937500e+01
-6.344335937500000000e+01
-6.351885986328125000e+01
-6.359078979492187500e+01
-6.365927124023437500e+01
-6.372445678710937500e+01
-6.378652954101562500e+01
-6.384561157226562500e+01
-6.390182495117187500e+01
-6.395532226562500000e+01
-6.400625610351562500e+01
-6.405471801757812500e+01
-6.410079956054687500e+01
-6.414462280273437500e+01
-6.418630981445312500e+01
-6.422598266601562500e+01
-6.426370239257812500e+01
-6.429959106445312500e+01
-6.433374023437500000e+01
-6.436621093750000000e+01
-6.439709472656250000e+01
-6.442648315429687500e+01
-6.445443725585937500e+01
-6.448101806640625000e+01
-6.450631713867187500e+01
-6.453036499023437500e+01
-6.455325317382812500e+01
-6.457501220703125000e+01
-6.459573364257812500e+01
-6.461544799804687500e+01
-6.463418579101562500e+01
-6.465200805664062500e+01
-6.466897583007812500e+01
-6.468508911132812500e+01
-6.470043945312500000e+01
-6.471502685546875000e+01
-6.472891235351562500e+01
-6.474212646484375000e+01
-6.475469970703125000e+01
-6.476663208007812500e+01
-6.477798461914062500e+01
-6.478878784179687500e+01
-6.479907226562500000e+01
-6.480886840820312500e+01
-6.481817626953125000e+01
-6.394302368164062500e+01
-6.327081298828125000e+01
-6.276260375976562500e+01
-6.238659667968750000e+01
-6.211688232421875000e+01
-6.193231201171875000e+01
-6.181570434570312500e+01
-6.175308227539062500e+01
-6.173303222656250000e+01
-6.174630737304687500e+01
-6.178543090820312500e+01
-6.184429931640625000e+01
-6.191809082031250000e+01
-6.200280761718750000e+01
-6.209527587890625000e+01
-6.219299316406250000e+01
-6.229391479492187500e+01
-6.239642333984375000e+01
-6.249929809570312500e+01
-6.260153198242187500e+01
-6.270239257812500000e+01
-6.280126953125000000e+01
-6.289773559570312500e+01
-6.299145507812500000e+01
-6.308221435546875000e+01
-6.316986083984375000e+01
-6.325430297851562500e+01
-6.333551025390625000e+01
-6.252947998046875000e+01
-6.192358398437500000e+01
-6.147891235351562500e+01
-6.116375732421875000e+01
-6.095223999023437500e+01
-6.082330322265625000e+01
-6.075982666015625000e+01
-6.074786376953125000e+01
-6.077615356445312500e+01
-6.083554077148437500e+01
-6.091860961914062500e+01
-6.013537597656250000e+01
-5.956838989257812500e+01
-5.917486572265625000e+01
-5.891989135742187500e+01
-5.877505493164062500e+01
-5.871728515625000000e+01
-5.872784423828125000e+01
