-6.500000000000000000e+01
-6.500000000000000000e+01
-6.500000000000000000e+01
-6.500000000000000000e+01
-6.500000000000000000e+01
-6.500000000000000000e+01
-6.500000000000000000e+01
-6.500000000000000000e+01
-6.411599731445312500e+01
-6.343536376953125000e+01
-6.291912841796875000e+01
-6.253549194335937500e+01
-6.225851440429687500e+01
-6.118304443359375000e+01
-6.037921142578125000e+01
-5.979403686523437500e+01
-5.938430786132812500e+01
-5.911486816406250000e+01
-5.895706176757812500e+01
-5.888760375976562500e+01
-5.888754272460937500e+01
-5.805755615234375000e+01
-5.747253417968750000e+01
-5.708346557617187500e+01
-5.685043334960937500e+01
-5.674099731445312500e+01
-5.672879028320312500e+01
-5.679241943359375000e+01
-5.691455078125000000e+01
-5.708114624023437500e+01
-5.728088378906250000e+01
-5.750469970703125000e+01
-5.774526977539062500e+01
-5.799676513671875000e+01
-5.825454711914062500e+01
-5.851495361328125000e+01
-5.877508544921875000e+01
-5.903271484375000000e+01
-5.928610229492187500e+01
-5.953396606445312500e+01
-5.977532958984375000e+01
-6.000952148437500000e+01
-6.023602294921875000e+01
-6.045455932617187500e+01
-5.978094482421875000e+01
-5.930249023437500000e+01
-5.898022460937500000e+01
-5.878247070312500000e+01
-5.868344116210937500e+01
-5.866217041015625000e+01
-5.870166015625000000e+01
-5.878808593750000000e+01
-5.891033935546875000e+01
-5.905938720703125000e+01
-5.922799682617187500e+01
-5.941033935546875000e+01
-5.960177612304687500e+01
-5.979861450195312500e+01
-5.999789428710937500e+01
-6.019732666015625000e+01
-6.039508056640625000e+01
-6.058981323242187500e+01
-6.078045654296875000e+01
-6.096624755859375000e+01
-6.114660644531250000e+01
-6.132113647460937500e+01
-6.148959350585937500e+01
-6.165185546875000000e+01
-6.180783081054687500e+01
-6.195755004882812500e+01
-6.210104370117187500e+01
-6.223843383789062500e+01
-6.236987304687500000e+01
-6.249551391601562500e+01
-6.261547851562500000e+01
-6.273001098632812500e+01
-6.283929443359375000e+01
-6.205953979492187500e+01
-6.147827148437500000e+01
-6.105673217773437500e+01
-6.076330566406250000e+01
-6.057223510742187500e+01
-6.046258544921875000e+01
-6.041729736328125000e+01
-6.042254638671875000e+01
-6.046710205078125000e+01
-6.054187011718750000e+01
-6.063952636718750000e+01
-6.075415039062500000e+01
-6.088095092773437500e+01
-6.101611328125000000e+01
-6.027264404296875000e+01
-5.973541259765625000e+01
-5.936355590820312500e+01
-5.912380981445312500e+01
-5.898904418945312500e+01
-5.893722534179687500e+01
-5.895046997070312500e+01
-5.901425170898437500e+01
-5.911688232421875000e+01
-5.924880981445312500e+01
-5.940240478515625000e+01
-5.957150268554687500e+01
-5.975122070312500000e+01
-5.993759155273437500e+01
-6.012747192382812500e+01
-6.031842041015625000e+01
-6.050854492187500000e+01
-6.069635009765625000e+01
-6.088067626953125000e+01
-6.106063842773437500e+01
-6.123565673828125000e+01
-6.140524291992187500e+01
-6.156912231445312500e+01
-6.172711181640625000e+01
-6.187908935546875000e+01
-6.114105224609375000e+01
-6.060040283203125000e+01
-6.021823120117187500e+01
-5.996286010742187500e+01
-5.980853271484375000e+01
-5.973425292968750000e+01
-5.972296142578125000e+01
-5.976083374023437500e+01
-5.983666992187500000e+01
-5.994137573242187500e+01
-6.006765747070312500e+01
-6.020962524414062500e+01
-6.036254882812500000e+01
-6.052267456054687500e+01
-6.068698120117187500e+01
-6.085308837890625000e+01
-6.101913452148437500e+01
-6.118365478515625000e+01
-6.134555053710937500e+01
-6.150396728515625000e+01
-6.165826416015625000e+01
-6.180798339843750000e+01
-6.195278930664062500e+01
-6.209249877929687500e+01
-6.222705078125000000e+01
-6.235638427734375000e+01
-6.248046875000000000e+01
-6.259939575195312500e+01
-6.271322631835937500e+01
-6.282211303710937500e+01
-6.292617797851562500e+01
-6.302557373046875000e+01
-6.312045288085937500e+01
-6.321096801757812500e+01
-6.329727172851562500e+01
-6.337954711914062500e+01
-6.345794677734375000e+01
-6.353265380859375000e+01
-6.360382080078125000e+01
-6.367160034179687500e+01
-6.373611450195312500e+01
-6.379754638671875000e+01
-6.385604858398437500e+01
-6.391174316406250000e+01
-6.396475219726562500e+01
-6.401519775390625000e+01
-6.406320190429687500e+01
-6.410888671875000000e+01
-6.415231323242187500e+01
-6.419363403320312500e+01
-6.423294067382812500e+01
-6.427032470703125000e+01
-6.430590820312500000e+01
-6.433975219726562500e+01
-6.437194824218750000e+01
-6.440255737304687500e+01
-6.443167114257812500e+01
-6.445938110351562500e+01
-6.448571777343750000e+01
-6.451077270507812500e+01
-6.453460693359375000e+01
-6.455728149414062500e+01
-6.369485473632812500e+01
-6.303475952148437500e+01
-6.253805541992187500e+01
-6.217300415039062500e+01
-6.191369628906250000e+01
-6.173904418945312500e+01
-6.163186645507812500e+01
-6.157818603515625000e+01
-6.156665039062500000e+01
-6.158804321289062500e+01
-6.163488769531250000e+01
-6.170111083984375000e+01
-6.178186035156250000e+01
-6.187319946289062500e+01
-6.197201538085937500e+01
-6.207574462890625000e+01
-6.218237304687500000e+01
-6.229031372070312500e+01
-6.239837646484375000e+01
-6.250552368164062500e+01
-6.261105346679687500e+01
-6.271438598632812500e+01
