-6.500000000000000000e+01
-6.500000000000000000e+01
-6.146408081054687500e+01
-5.874154663085937500e+01
-5.667657470703125000e+01
-5.514196777343750000e+01
-5.314996337890625000e+01
-5.170333862304687500e+01
-5.069427490234375000e+01
-5.003488159179687500e+01
-6.500000000000000000e+01
-6.409039306640625000e+01
-6.339004516601562500e+01
-6.285885620117187500e+01
-6.246411132812500000e+01
-6.217907714843750000e+01
-6.198205566406250000e+01
-6.185528564453125000e+01
-6.178439331054687500e+01
-6.175759887695312500e+01
-6.176541137695312500e+01
-6.180010986328125000e+01
-6.185543823242187500e+01
-6.192636108398437500e+01
-6.200875854492187500e+01
-6.209936523437500000e+01
-6.219558715820312500e+01
-6.229534912109375000e+01
-6.239697265625000000e+01
-6.249914550781250000e+01
-6.260083007812500000e+01
-6.181723022460937500e+01
-6.123510742187500000e+01
-6.081506347656250000e+01
-6.052493286132812500e+01
-6.033856201171875000e+01
-6.023461914062500000e+01
-6.019580078125000000e+01
-6.020806884765625000e+01
-5.937600708007812500e+01
-5.877770996093750000e+01
-5.836679077148437500e+01
-5.810540771484375000e+01
-5.796279907226562500e+01
-5.791397094726562500e+01
-5.793859863281250000e+01
-5.713623046875000000e+01
-5.658087158203125000e+01
-5.622277832031250000e+01
-5.602151489257812500e+01
-5.594415283203125000e+01
-5.596395874023437500e+01
-5.517529296875000000e+01
-5.464791870117187500e+01
-5.344473266601562500e+01
-5.260983276367187500e+01
-5.206915283203125000e+01
-5.176242065429687500e+01
-5.164056396484375000e+01
-5.166375732421875000e+01
-5.179974365234375000e+01
-5.202233886718750000e+01
-5.231042480468750000e+01
-5.176300048828125000e+01
-5.145367431640625000e+01
-5.133251953125000000e+01
-5.135897827148437500e+01
-5.150018310546875000e+01
-5.172952270507812500e+01
-5.202545166015625000e+01
-5.237060546875000000e+01
-5.186709594726562500e+01
-5.159106445312500000e+01
-5.149465942382812500e+01
-5.153897094726562500e+01
-5.169250488281250000e+01
-5.192971801757812500e+01
-5.223001098632812500e+01
-5.257678222656250000e+01
-5.295666503906250000e+01
-5.335900878906250000e+01
-5.377526855468750000e+01
-5.331472778320312500e+01
-5.217538452148437500e+01
-5.140142822265625000e+01
-5.091891479492187500e+01
-5.066763305664062500e+01
-5.059866333007812500e+01
-5.067227172851562500e+01
-5.085626220703125000e+01
-5.112457275390625000e+01
-5.145620727539062500e+01
-5.183422851562500000e+01
-5.224505615234375000e+01
-5.267779541015625000e+01
-5.223974609375000000e+01
-5.201141357421875000e+01
-5.194842529296875000e+01
-5.201473999023437500e+01
-5.218121337890625000e+01
-5.242419433593750000e+01
-5.272460937500000000e+01
-5.306710815429687500e+01
-5.343933105468750000e+01
-5.383145141601562500e+01
-5.423556518554687500e+01
-5.376147460937500000e+01
-5.349160766601562500e+01
-5.249920654296875000e+01
-5.183685302734375000e+01
-5.143737792968750000e+01
-5.124618530273437500e+01
-5.121887207031250000e+01
-5.131942749023437500e+01
-5.151870727539062500e+01
-5.179309082031250000e+01
-5.212353515625000000e+01
-5.249472045898437500e+01
-5.289434814453125000e+01
-5.331262207031250000e+01
-5.374169921875000000e+01
-5.417538452148437500e+01
-5.460882568359375000e+01
-5.503826904296875000e+01
-5.546078491210937500e+01
-5.587417602539062500e+01
-5.627682495117187500e+01
-5.666754150390625000e+01
-5.704550170898437500e+01
-5.741018676757812500e+01
-5.687731933593750000e+01
-5.653414916992187500e+01
-5.545776367187500000e+01
-5.470382690429687500e+01
-5.420770263671875000e+01
-5.391674804687500000e+01
-5.290414428710937500e+01
-5.222247314453125000e+01
-5.180453491210937500e+01
-5.159570312500000000e+01
-5.155157470703125000e+01
-5.163607788085937500e+01
-5.182006835937500000e+01
-5.207986450195312500e+01
-5.151245117187500000e+01
-5.118978881835937500e+01
-5.106057739257812500e+01
-5.108319091796875000e+01
-5.122384643554687500e+01
-5.145520019531250000e+01
-5.175512695312500000e+01
-5.210580444335937500e+01
-5.249291992187500000e+01
-5.202096557617187500e+01
-5.176815795898437500e+01
-5.168826293945312500e+01
-5.174371337890625000e+01
-5.190411376953125000e+01
-5.214480590820312500e+01
-5.244592285156250000e+01
-5.279141235351562500e+01
-5.316842651367187500e+01
-5.356661987304687500e+01
-5.397781372070312500e+01
-5.439550781250000000e+01
-5.481457519531250000e+01
-5.523098754882812500e+01
-5.564166259765625000e+01
-5.604425048828125000e+01
-5.643695068359375000e+01
-5.681851196289062500e+01
-5.718801879882812500e+01
-5.754486083984375000e+01
-5.788867187500000000e+01
-5.821932983398437500e+01
-5.853680419921875000e+01
-5.884121704101562500e+01
-5.913275146484375000e+01
-5.941165161132812500e+01
-5.967828369140625000e+01
-5.993298339843750000e+01
-6.017614746093750000e+01
-6.040817260742187500e+01
-5.974548339843750000e+01
-5.839184570312500000e+01
-5.739605712890625000e+01
-5.668777465820312500e+01
-5.620962524414062500e+01
-5.591497802734375000e+01
-5.576583862304687500e+01
-5.573132324218750000e+01
-5.578640747070312500e+01
-5.591076660156250000e+01
-5.608795166015625000e+01
-5.630474853515625000e+01
-5.655047607421875000e+01
-5.681655883789062500e+01
-5.709613037109375000e+01
-5.738372802734375000e+01
-5.767504882812500000e+01
