-6.500000000000000000e+01
-6.404650115966796875e+01
-6.333137512207031250e+01
-6.280456542968750000e+01
-6.242614364624023438e+01
-6.216428375244140625e+01
-6.104012680053710938e+01
-5.927186584472656250e+01
-5.798526763916015625e+01
-5.707760238647460938e+01
-5.646699905395507812e+01
-5.513477325439453125e+01
-5.422093200683593750e+01
-5.363420486450195312e+01
-5.330194854736328125e+01
-5.316641616821289062e+01
-5.222824478149414062e+01
-5.164295196533203125e+01
-5.133169937133789062e+01
-5.123183059692382812e+01
-5.034011459350585938e+01
-6.500000000000000000e+01
-6.398871994018554688e+01
-6.323025894165039062e+01
-6.267152786254882812e+01
-6.131667709350585938e+01
-6.032382202148437500e+01
-5.866251373291015625e+01
-5.746329498291015625e+01
-5.567375564575195312e+01
-5.440696716308593750e+01
-5.259663772583007812e+01
-5.134482192993164062e+01
-5.052999496459960938e+01
-6.500000000000000000e+01
-6.327874374389648438e+01
-6.198780059814453125e+01
-6.103680801391601562e+01
-6.035368347167968750e+01
-5.988097381591796875e+01
-5.861940383911132812e+01
-5.772441864013671875e+01
-5.711698532104492188e+01
-5.578066635131835938e+01
-5.485725784301757812e+01
-5.425689315795898438e+01
-5.295454788208007812e+01
-5.113172149658203125e+01
-6.500000000000000000e+01
-6.173163604736328125e+01
-5.928036117553710938e+01
-5.747459030151367188e+01
-5.617745971679687500e+01
-5.432636260986328125e+01
-5.302626800537109375e+01
-5.215793228149414062e+01
-5.067291641235351562e+01
-6.500000000000000000e+01
-6.363864517211914062e+01
-6.261763000488281250e+01
-6.091197967529296875e+01
-5.965656661987304688e+01
-5.875588607788085938e+01
-5.813381195068359375e+01
-5.772969818115234375e+01
-5.749527359008789062e+01
-5.739215850830078125e+01
-5.738986968994140625e+01
-5.746422958374023438e+01
-5.759610366821289062e+01
-5.777036666870117188e+01
-5.702160263061523438e+01
-5.653232574462890625e+01
-5.624515151977539062e+01
-5.516094970703125000e+01
-5.443534469604492188e+01
-5.303603363037109375e+01
-5.209219360351562500e+01
-5.150395584106445312e+01
-5.023835372924804688e+01
-6.500000000000000000e+01
-6.375814056396484375e+01
-6.282674789428710938e+01
-6.214062118530273438e+01
-6.069425964355468750e+01
-5.963808059692382812e+01
-5.888900375366210938e+01
-5.838081741333007812e+01
-5.806078720092773438e+01
-5.788695526123046875e+01
-5.782597351074218750e+01
-5.785136795043945312e+01
-5.794215393066406250e+01
-5.712823104858398438e+01
-5.658836746215820312e+01
-5.626218795776367188e+01
-5.514817047119140625e+01
-5.440003204345703125e+01
-5.393744659423828125e+01
-5.369650650024414062e+01
-5.362642669677734375e+01
-5.368690490722656250e+01
-5.384599685668945312e+01
-5.407844924926757812e+01
-5.436432647705078125e+01
-5.468795013427734375e+01
-5.503702545166015625e+01
-5.444845199584960938e+01
-5.315315246582031250e+01
-5.228719329833984375e+01
-5.175619125366210938e+01
-5.053156661987304688e+01
-6.500000000000000000e+01
-6.379243850708007812e+01
-6.193326950073242188e+01
-5.959746551513671875e+01
-5.787628173828125000e+01
-5.663941955566406250e+01
-5.482950973510742188e+01
-5.355568313598632812e+01
-5.174851989746093750e+01
-5.050758743286132812e+01
-6.500000000000000000e+01
-6.282825851440429688e+01
-6.119945144653320312e+01
-5.999956512451171875e+01
-5.913765335083007812e+01
-5.854122543334960938e+01
-5.815252685546875000e+01
-5.792559051513671875e+01
-5.687036514282226562e+01
-5.614968872070312500e+01
-5.473697662353515625e+01
-5.376594543457031250e+01
-5.314030456542968750e+01
-5.278341293334960938e+01
-5.168084335327148438e+01
-5.097608184814453125e+01
-6.500000000000000000e+01
-6.335993957519531250e+01
-6.212989425659179688e+01
-6.122375869750976562e+01
-5.961935806274414062e+01
-5.845381927490234375e+01
-5.763347244262695312e+01
-5.708367538452148438e+01
-5.579149246215820312e+01
-5.490151977539062500e+01
-5.432612609863281250e+01
-5.399556350708007812e+01
-5.385438156127929688e+01
-5.385853958129882812e+01
-5.397311401367187500e+01
-5.321696090698242188e+01
-5.180661392211914062e+01
-5.086668395996093750e+01
-5.029367065429687500e+01
-6.500000000000000000e+01
-6.341820526123046875e+01
-6.223185729980468750e+01
-6.135791397094726562e+01
-6.073014068603515625e+01
-5.934223175048828125e+01
-5.834399795532226562e+01
-5.765190124511718750e+01
-5.719938659667968750e+01
-5.597998428344726562e+01
-5.418993759155273438e+01
-5.293760299682617188e+01
-5.210645294189453125e+01
-5.160371398925781250e+01
-5.135559463500976562e+01
-5.034996795654296875e+01
-6.500000000000000000e+01
-6.220347976684570312e+01
-6.010608673095703125e+01
-5.760750961303710938e+01
-5.578251647949218750e+01
-5.448769378662109375e+01
-5.265525436401367188e+01
-5.043254852294921875e+01
-6.500000000000000000e+01
-6.318243408203125000e+01
-6.181925964355468750e+01
-5.986155700683593750e+01
-5.842508697509765625e+01
-5.739911651611328125e+01
-5.669538879394531250e+01
-5.624360275268554688e+01
-5.598780822753906250e+01
-5.588352584838867188e+01
-5.589543533325195312e+01
-5.504203414916992188e+01
-5.449302673339843750e+01
-5.418085098266601562e+01
-5.405178833007812500e+01
-5.406318283081054688e+01
-5.322771072387695312e+01
-5.271047592163085938e+01
-5.244027328491210938e+01
