-6.500000000000000000e+01
-6.500000000000000000e+01
-6.500000000000000000e+01
-6.500000000000000000e+01
-6.500000000000000000e+01
-6.500000000000000000e+01
-6.500000000000000000e+01
-6.500000000000000000e+01
-6.500000000000000000e+01
-6.500000000000000000e+01
-6.500000000000000000e+01
-6.500000000000000000e+01
-6.500000000000000000e+01
-6.500000000000000000e+01
-6.500000000000000000e+01
-6.500000000000000000e+01
-6.500000000000000000e+01
-6.500000000000000000e+01
-6.404650115966796875e+01
-6.333137512207031250e+01
-6.280456542968750000e+01
-6.242614364624023438e+01
-6.216428375244140625e+01
-6.199362564086914062e+01
-6.189398956298828125e+01
-6.184932708740234375e+01
-6.184688949584960938e+01
-6.187656784057617188e+01
-6.193035888671875000e+01
-6.104843521118164062e+01
-6.041769027709960938e+01
-5.998414611816406250e+01
-5.970481109619140625e+01
-5.954546737670898438e+01
-5.947891235351562500e+01
-5.948354339599609375e+01
-5.954222488403320312e+01
-5.964140319824218750e+01
-5.977036285400390625e+01
-5.992066955566406250e+01
-6.008569717407226562e+01
-6.026026153564453125e+01
-6.044032669067382812e+01
-6.062277221679687500e+01
-6.080520248413085938e+01
-6.098579788208007812e+01
-6.116319274902343750e+01
-6.133638000488281250e+01
-6.150463867187500000e+01
-6.166746902465820312e+01
-6.182454681396484375e+01
-6.197568130493164062e+01
-6.212078475952148438e+01
-6.225985717773437500e+01
-6.239295196533203125e+01
-6.252017593383789062e+01
-6.264166259765625000e+01
-6.275757598876953125e+01
-6.191459655761718750e+01
-6.130478668212890625e+01
-6.087828063964843750e+01
-6.059535598754882812e+01
-6.042437744140625000e+01
-6.034019088745117188e+01
-6.032280731201171875e+01
-6.035636901855468750e+01
-6.042831039428710938e+01
-6.052870178222656250e+01
-6.064971160888671875e+01
-6.078518295288085938e+01
-6.093029022216796875e+01
-6.108126831054687500e+01
-6.123519897460937500e+01
-6.138983535766601562e+01
-6.154346084594726562e+01
-6.169478225708007812e+01
-6.184283828735351562e+01
-6.198693084716796875e+01
-6.212657165527343750e+01
-6.226143264770507812e+01
-6.239131546020507812e+01
-6.251611328125000000e+01
-6.263579559326171875e+01
-6.275039672851562500e+01
-6.285998916625976562e+01
-6.296467971801757812e+01
-6.306459808349609375e+01
-6.315988922119140625e+01
-6.325071334838867188e+01
-6.333723068237304688e+01
-6.341961288452148438e+01
-6.349802780151367188e+01
-6.357264328002929688e+01
-6.364362335205078125e+01
-6.371113204956054688e+01
-6.377532577514648438e+01
-6.383636093139648438e+01
-6.294088363647460938e+01
-6.228091430664062500e+01
-6.180652618408203125e+01
-6.147792816162109375e+01
-6.126341247558593750e+01
-6.113774871826171875e+01
-6.108086395263671875e+01
-6.107682418823242188e+01
-6.111298370361328125e+01
-6.117933654785156250e+01
-6.126797103881835938e+01
-6.137265396118164062e+01
-6.148848724365234375e+01
-6.161163330078125000e+01
-6.173910903930664062e+01
-6.186859893798828125e+01
-6.199832534790039062e+01
-6.212693405151367188e+01
-6.225340652465820312e+01
-6.237699127197265625e+01
-6.249714660644531250e+01
-6.261349487304687500e+01
-6.272578430175781250e+01
-6.283386611938476562e+01
-6.293766784667968750e+01
-6.303718185424804688e+01
-6.313243865966796875e+01
-6.322351074218750000e+01
-6.331048965454101562e+01
-6.339348983764648438e+01
-6.347263336181640625e+01
-6.354805755615234375e+01
-6.361989974975585938e+01
-6.368830108642578125e+01
-6.279990386962890625e+01
-6.214672088623046875e+01
-6.167883682250976562e+01
-6.135645675659179688e+01
-6.114788055419921875e+01
-6.102788543701171875e+01
-6.097640991210937500e+01
-6.002402496337890625e+01
-5.934997177124023438e+01
-5.889419174194335938e+01
-5.860885620117187500e+01
-5.845591354370117188e+01
-5.745161819458007812e+01
-5.676383590698242188e+01
-5.632348251342773438e+01
-5.607558059692382812e+01
-5.597641754150390625e+01
-5.599129104614257812e+01
-5.609268188476562500e+01
-5.625881195068359375e+01
-5.647248458862304688e+01
-5.672014999389648438e+01
-5.699117279052734375e+01
-5.727724075317382812e+01
-5.757188034057617188e+01
-5.787008666992187500e+01
-5.816802215576171875e+01
-5.846277236938476562e+01
-5.779865646362304688e+01
-5.736594009399414062e+01
-5.711341857910156250e+01
-5.700036621093750000e+01
-5.699444198608398438e+01
-5.706999588012695312e+01
-5.720671844482421875e+01
-5.738855743408203125e+01
-5.760287094116210938e+01
-5.783972167968750000e+01
-5.809133148193359375e+01
-5.835163879394531250e+01
-5.861595916748046875e+01
-5.888068008422851562e+01
-5.914306259155273438e+01
-5.844754409790039062e+01
-5.798447418212890625e+01
-5.770269393920898438e+01
-5.756151580810546875e+01
-5.752860641479492188e+01
-5.757830810546875000e+01
-5.769029998779296875e+01
-5.689500808715820312e+01
-5.637163543701171875e+01
-5.606015777587890625e+01
-5.591283416748046875e+01
-5.589173889160156250e+01
-5.596678924560546875e+01
-5.611415863037109375e+01
-5.631501770019531250e+01
-5.560102081298828125e+01
-5.515237426757812500e+01
-5.490987777709960938e+01
-5.482648086547851562e+01
-5.486483383178710938e+01
-5.499533462524414062e+01
-5.519456100463867188e+01
-5.544402694702148438e+01
-5.572918319702148438e+01
-5.508510971069335938e+01
-5.469476318359375000e+01
