-6.500000000000000000e+01
-6.500000000000000000e+01
-6.500000000000000000e+01
-6.500000000000000000e+01
-6.500000000000000000e+01
-6.500000000000000000e+01
-6.500000000000000000e+01
-6.500000000000000000e+01
-6.500000000000000000e+01
-6.500000000000000000e+01
-6.404650115966796875e+01
-6.333137512207031250e+01
-6.280456542968750000e+01
-6.242614364624023438e+01
-6.216428375244140625e+01
-6.199362564086914062e+01
-6.189398956298828125e+01
-6.184932708740234375e+01
-6.184688949584960938e+01
-6.187656784057617188e+01
-6.193035888671875000e+01
-6.200193405151367188e+01
-6.113281250000000000e+01
-6.051095199584960938e+01
-6.008322906494140625e+01
-5.980732727050781250e+01
-5.964957046508789062e+01
-5.958317947387695312e+01
-5.958689117431640625e+01
-5.964384078979492188e+01
-5.974068450927734375e+01
-5.986687850952148438e+01
-6.001411819458007812e+01
-6.017588043212890625e+01
-6.034706115722656250e+01
-6.052368545532226562e+01
-6.070268249511718750e+01
-6.088169479370117188e+01
-6.105892562866210938e+01
-6.123303222656250000e+01
-6.140302276611328125e+01
-6.061468505859375000e+01
-6.005940246582031250e+01
-5.968679428100585938e+01
-5.945674514770507812e+01
-5.933733749389648438e+01
-5.930321502685546875e+01
-5.933425140380859375e+01
-5.941449737548828125e+01
-5.857783889770507812e+01
-5.800619888305664062e+01
-5.764168930053710938e+01
-5.743824768066406250e+01
-5.735924911499023438e+01
-5.737561798095703125e+01
-5.746430206298828125e+01
-5.760705947875976562e+01
-5.778948211669921875e+01
-5.800022888183593750e+01
-5.823039627075195312e+01
-5.847301864624023438e+01
-5.872268295288085938e+01
-5.802169799804687500e+01
-5.755873489379882812e+01
-5.728129577636718750e+01
-5.714762878417968750e+01
-5.712456512451171875e+01
-5.718579101562500000e+01
-5.731046295166015625e+01
-5.748210906982421875e+01
-5.768774032592773438e+01
-5.791714096069335938e+01
-5.816231536865234375e+01
-5.841702651977539062e+01
-5.867643356323242188e+01
-5.893682098388671875e+01
-5.919534683227539062e+01
-5.944987106323242188e+01
-5.969881057739257812e+01
-5.994101715087890625e+01
-6.017568588256835938e+01
-6.040227508544921875e+01
-5.966696166992187500e+01
-5.916145324707031250e+01
-5.883565139770507812e+01
-5.864968490600585938e+01
-5.857185363769531250e+01
-5.857698440551757812e+01
-5.864511489868164062e+01
-5.876044082641601562e+01
-5.891048431396484375e+01
-5.908541488647460938e+01
-5.927750778198242188e+01
-5.948072052001953125e+01
-5.969035720825195312e+01
-5.990277862548828125e+01
-6.011518859863281250e+01
-6.032546997070312500e+01
-6.053202819824218750e+01
-6.073369216918945312e+01
-6.092961883544921875e+01
-6.016572952270507812e+01
-5.963351440429687500e+01
-5.928269577026367188e+01
-5.907324600219726562e+01
-5.897333145141601562e+01
-5.895766448974609375e+01
-5.900617980957031250e+01
-5.910298919677734375e+01
-5.923553466796875000e+01
-5.939391326904296875e+01
-5.957034301757812500e+01
-5.975872421264648438e+01
-5.995430755615234375e+01
-6.015340805053710938e+01
-6.035319137573242188e+01
-6.055149459838867188e+01
-6.074668884277343750e+01
-6.093756866455078125e+01
-6.112326431274414062e+01
-6.130315780639648438e+01
-6.147684478759765625e+01
-6.164408111572265625e+01
-6.180473709106445312e+01
-6.195878982543945312e+01
-6.115278244018554688e+01
-6.057868957519531250e+01
-6.018659210205078125e+01
-5.993673324584960938e+01
-5.979747009277343750e+01
-5.974365615844726562e+01
-5.975532150268554688e+01
-5.981663513183593750e+01
-5.991506576538085938e+01
-6.004072189331054688e+01
-6.018581390380859375e+01
-6.034422683715820312e+01
-6.051117706298828125e+01
-6.068294906616210938e+01
-6.085666656494140625e+01
-6.103012466430664062e+01
-6.120165252685546875e+01
-6.136999511718750000e+01
-6.153423690795898438e+01
-6.169371795654296875e+01
-6.184798812866210938e+01
-6.199675369262695312e+01
-6.213984680175781250e+01
-6.227719879150390625e+01
-6.240881347656250000e+01
-6.158125305175781250e+01
-6.098649597167968750e+01
-6.057461547851562500e+01
-6.030583953857421875e+01
-6.014850997924804688e+01
-6.007745742797851562e+01
-6.007268142700195312e+01
-6.011832427978515625e+01
-6.020183181762695312e+01
-6.031327819824218750e+01
-5.949134445190429688e+01
-5.892176055908203125e+01
-5.854965972900390625e+01
-5.833136749267578125e+01
-5.823215103149414062e+01
-5.822442626953125000e+01
-5.828630828857421875e+01
-5.840047836303710938e+01
-5.855324172973632812e+01
-5.873381042480468750e+01
-5.893370437622070312e+01
-5.914628601074218750e+01
-5.936638641357421875e+01
-5.958999633789062500e+01
-5.981404113769531250e+01
-6.003617477416992188e+01
-6.025463485717773438e+01
-5.951461791992187500e+01
-5.900705718994140625e+01
-5.868124008178710938e+01
-5.849680709838867188e+01
-5.842166900634765625e+01
-5.843034744262695312e+01
-5.850263977050781250e+01
-5.862255477905273438e+01
-5.877746582031250000e+01
-5.895742416381835938e+01
-5.915461730957031250e+01
-5.936293792724609375e+01
-5.957763290405273438e+01
-5.979502487182617188e+01
-6.001229095458984375e+01
-6.022729110717773438e+01
-6.043841934204101562e+01
-6.064449310302734375e+01
-6.084466171264648438e+01
-6.103834533691406250e+01
-6.122516250610351562e+01
-6.140489196777343750e+01
-6.157743453979492188e+01
