-6.500000000000000000e+01
-6.500000000000000000e+01
-6.500000000000000000e+01
-6.500000000000000000e+01
-6.500000000000000000e+01
-6.500000000000000000e+01
-6.500000000000000000e+01
-6.500000000000000000e+01
-6.411599731445312500e+01
-6.343536376953125000e+01
-6.291912841796875000e+01
-6.253549194335937500e+01
-6.225851440429687500e+01
-6.206704711914062500e+01
-6.105987548828125000e+01
-6.031033325195312500e+01
-5.976803588867187500e+01
-5.939196777343750000e+01
-5.914865112304687500e+01
-5.901089477539062500e+01
-5.895657348632812500e+01
-5.896771240234375000e+01
-5.814572143554687500e+01
-5.756616210937500000e+01
-5.718054199218750000e+01
-5.694934082031250000e+01
-5.684048461914062500e+01
-5.682785034179687500e+01
-5.689025878906250000e+01
-5.701055908203125000e+01
-5.717486572265625000e+01
-5.737203979492187500e+01
-5.759304809570312500e+01
-5.783065795898437500e+01
-5.719509887695312500e+01
-5.676913452148437500e+01
-5.651016235351562500e+01
-5.638354492187500000e+01
-5.636111450195312500e+01
-5.642004394531250000e+01
-5.654177856445312500e+01
-5.671136474609375000e+01
-5.691671752929687500e+01
-5.714810180664062500e+01
-5.739773559570312500e+01
-5.765936279296875000e+01
-5.792803955078125000e+01
-5.731579589843750000e+01
-5.690692138671875000e+01
-5.666006469726562500e+01
-5.654153442382812500e+01
-5.652398681640625000e+01
-5.658526611328125000e+01
-5.670739746093750000e+01
-5.687585449218750000e+01
-5.707885742187500000e+01
-5.730697631835937500e+01
-5.755267333984375000e+01
-5.780987548828125000e+01
-5.807376098632812500e+01
-5.834051513671875000e+01
-5.772317504882812500e+01
-5.730673217773437500e+01
-5.705041503906250000e+01
-5.692108154296875000e+01
-5.689178466796875000e+01
-5.694064331054687500e+01
-5.616598510742187500e+01
-5.564077758789062500e+01
-5.531451416015625000e+01
-5.514605712890625000e+01
-5.510198974609375000e+01
-5.515515136718750000e+01
-5.528359985351562500e+01
-5.546954345703125000e+01
-5.569860839843750000e+01
-5.595925903320312500e+01
-5.624215698242187500e+01
-5.653991699218750000e+01
-5.684658813476562500e+01
-5.715750122070312500e+01
-5.746899414062500000e+01
-5.777816772460937500e+01
-5.808279418945312500e+01
-5.838119506835937500e+01
-5.778811645507812500e+01
-5.738998413085937500e+01
-5.714721679687500000e+01
-5.702758789062500000e+01
-5.700488281250000000e+01
-5.705789184570312500e+01
-5.716937255859375000e+01
-5.732543945312500000e+01
-5.751486206054687500e+01
-5.772854614257812500e+01
-5.795925903320312500e+01
-5.820120239257812500e+01
-5.844973754882812500e+01
-5.870120239257812500e+01
-5.895272827148437500e+01
-5.920208740234375000e+01
-5.856356811523437500e+01
-5.812319946289062500e+01
-5.784103393554687500e+01
-5.768457031250000000e+01
-5.762738037109375000e+01
-5.764804077148437500e+01
-5.772912597656250000e+01
-5.785656738281250000e+01
-5.801898193359375000e+01
-5.820718383789062500e+01
-5.841384887695312500e+01
-5.863302612304687500e+01
-5.797601318359375000e+01
-5.752642822265625000e+01
-5.724237060546875000e+01
-5.708972167968750000e+01
-5.704077148437500000e+01
-5.707302856445312500e+01
-5.716824340820312500e+01
-5.731164550781250000e+01
-5.749130249023437500e+01
-5.769763183593750000e+01
-5.792288208007812500e+01
-5.816085815429687500e+01
-5.840667724609375000e+01
-5.865643310546875000e+01
-5.890704345703125000e+01
-5.915609741210937500e+01
-5.940173339843750000e+01
-5.875854492187500000e+01
-5.831280517578125000e+01
-5.802478027343750000e+01
-5.786212158203125000e+01
-5.779858398437500000e+01
-5.781277465820312500e+01
-5.788735961914062500e+01
-5.800836181640625000e+01
-5.816439819335937500e+01
-5.834637451171875000e+01
-5.854693603515625000e+01
-5.876019287109375000e+01
-5.898144531250000000e+01
-5.920693969726562500e+01
-5.854980468750000000e+01
-5.809506225585937500e+01
-5.780194091796875000e+01
-5.763729858398437500e+01
-5.757418823242187500e+01
-5.759066772460937500e+01
-5.766900634765625000e+01
-5.779483032226562500e+01
-5.795651245117187500e+01
-5.814474487304687500e+01
-5.746795654296875000e+01
-5.700744628906250000e+01
-5.671948242187500000e+01
-5.656842041015625000e+01
-5.652532958984375000e+01
-5.656671142578125000e+01
-5.667349243164062500e+01
-5.683029174804687500e+01
-5.702462768554687500e+01
-5.724649047851562500e+01
-5.748782348632812500e+01
-5.774218750000000000e+01
-5.800442504882812500e+01
-5.827053833007812500e+01
-5.853726196289062500e+01
-5.880215454101562500e+01
-5.906326293945312500e+01
-5.931909179687500000e+01
-5.956857299804687500e+01
-5.981091308593750000e+01
-6.004553222656250000e+01
-6.027206420898437500e+01
-6.049029541015625000e+01
-6.070013427734375000e+01
-6.090158081054687500e+01
-6.109472656250000000e+01
-6.127969360351562500e+01
-6.145663452148437500e+01
-6.162579345703125000e+01
-6.090338134765625000e+01
-6.037698364257812500e+01
-6.000793457031250000e+01
-5.976464843750000000e+01
-5.962149047851562500e+01
-5.955755615234375000e+01
-5.955587768554687500e+01
-5.960269165039062500e+01
-5.968688964843750000e+01
-5.979943847656250000e+01
-5.993307495117187500e+01
-6.008197021484375000e+01
-6.024142456054687500e+01
-6.040768432617187500e+01
-6.057778930664062500e+01
-6.074935913085937500e+01
-6.003656005859375000e+01
