-6.500000000000000000e+01
-6.500000000000000000e+01
-6.500000000000000000e+01
-6.500000000000000000e+01
-6.500000000000000000e+01
-6.500000000000000000e+01
-6.500000000000000000e+01
-6.500000000000000000e+01
-6.500000000000000000e+01
-6.500000000000000000e+01
-6.500000000000000000e+01
-6.500000000000000000e+01
-6.500000000000000000e+01
-6.500000000000000000e+01
-6.500000000000000000e+01
-6.500000000000000000e+01
-6.500000000000000000e+01
-6.500000000000000000e+01
-6.500000000000000000e+01
-6.500000000000000000e+01
-6.500000000000000000e+01
-6.500000000000000000e+01
-6.500000000000000000e+01
-6.411599731445312500e+01
-6.343536376953125000e+01
-6.291912841796875000e+01
-6.253549194335937500e+01
-6.225851440429687500e+01
-6.206704711914062500e+01
-6.194387817382812500e+01
-6.187500000000000000e+01
-6.184899902343750000e+01
-6.185662841796875000e+01
-6.189038085937500000e+01
-6.194415283203125000e+01
-6.201306152343750000e+01
-6.209313964843750000e+01
-6.218121337890625000e+01
-6.227471923828125000e+01
-6.237164306640625000e+01
-6.247036743164062500e+01
-6.256964111328125000e+01
-6.266845703125000000e+01
-6.276605224609375000e+01
-6.286181640625000000e+01
-6.295532226562500000e+01
-6.304623413085937500e+01
-6.313433837890625000e+01
-6.321945190429687500e+01
-6.241748046875000000e+01
-6.181573486328125000e+01
-6.137524414062500000e+01
-6.106427001953125000e+01
-6.085690307617187500e+01
-6.073202514648437500e+01
-6.067248535156250000e+01
-6.066436767578125000e+01
-6.069638061523437500e+01
-6.075936889648437500e+01
-6.084594726562500000e+01
-6.095010375976562500e+01
-6.106704711914062500e+01
-6.030889892578125000e+01
-5.975994873046875000e+01
-5.937878417968750000e+01
-5.913162231445312500e+01
-5.899102783203125000e+01
-5.893466186523437500e+01
-5.894439697265625000e+01
-5.900549316406250000e+01
-5.910610961914062500e+01
-5.835256958007812500e+01
-5.782449340820312500e+01
-5.747668457031250000e+01
-5.727233886718750000e+01
-5.718151855468750000e+01
-5.717993164062500000e+01
-5.724783325195312500e+01
-5.736923217773437500e+01
-5.753125000000000000e+01
-5.772344970703125000e+01
-5.793746948242187500e+01
-5.816659545898437500e+01
-5.840545654296875000e+01
-5.864981079101562500e+01
-5.889624023437500000e+01
-5.825814819335937500e+01
-5.782083129882812500e+01
-5.754370117187500000e+01
-5.739379882812500000e+01
-5.734429931640625000e+01
-5.737344360351562500e+01
-5.746359252929687500e+01
-5.760043334960937500e+01
-5.777239990234375000e+01
-5.797024536132812500e+01
-5.818649291992187500e+01
-5.841513061523437500e+01
-5.865139770507812500e+01
-5.800753784179687500e+01
-5.756793212890625000e+01
-5.729125976562500000e+01
-5.714398193359375000e+01
-5.709872436523437500e+01
-5.713333129882812500e+01
-5.722982788085937500e+01
-5.737368774414062500e+01
-5.755316162109375000e+01
-5.775875854492187500e+01
-5.798291015625000000e+01
-5.821951293945312500e+01
-5.846371459960937500e+01
-5.871170043945312500e+01
-5.807644653320312500e+01
-5.764291381835937500e+01
-5.737033081054687500e+01
-5.722549438476562500e+01
-5.718142700195312500e+01
-5.721624755859375000e+01
-5.731216430664062500e+01
-5.745483398437500000e+01
-5.763265991210937500e+01
-5.783627319335937500e+01
-5.805819702148437500e+01
-5.829241943359375000e+01
-5.853414916992187500e+01
-5.877957153320312500e+01
-5.902569580078125000e+01
-5.927020263671875000e+01
-5.951129150390625000e+01
-5.886361694335937500e+01
-5.841345214843750000e+01
-5.812109375000000000e+01
-5.795422363281250000e+01
-5.788656616210937500e+01
-5.789678955078125000e+01
-5.796755981445312500e+01
-5.808483886718750000e+01
-5.823733520507812500e+01
-5.841589355468750000e+01
-5.861315917968750000e+01
-5.793927001953125000e+01
-5.747686767578125000e+01
-5.718325805664062500e+01
-5.702371215820312500e+01
-5.696997070312500000e+01
-5.699914550781250000e+01
-5.709262084960937500e+01
-5.723532104492187500e+01
-5.741510009765625000e+01
-5.762219238281250000e+01
-5.784872436523437500e+01
-5.808837890625000000e+01
-5.833612060546875000e+01
-5.858798217773437500e+01
-5.795684814453125000e+01
-5.752758789062500000e+01
-5.725933837890625000e+01
-5.711883544921875000e+01
-5.707910156250000000e+01
-5.711819458007812500e+01
-5.721832275390625000e+01
-5.736508178710937500e+01
-5.754690551757812500e+01
-5.687042236328125000e+01
-5.641546630859375000e+01
-5.613705444335937500e+01
-5.599856567382812500e+01
-5.597030639648437500e+01
-5.602813720703125000e+01
-5.615249633789062500e+01
-5.544360351562500000e+01
-5.497598266601562500e+01
-5.470040893554687500e+01
-5.457687377929687500e+01
-5.457281494140625000e+01
-5.466186523437500000e+01
-5.482260131835937500e+01
-5.503778076171875000e+01
-5.529345703125000000e+01
-5.557839965820312500e+01
-5.588360595703125000e+01
-5.620190429687500000e+01
-5.652755737304687500e+01
-5.685610961914062500e+01
-5.718399047851562500e+01
-5.750842285156250000e+01
-5.782733154296875000e+01
-5.813912963867187500e+01
-5.844262695312500000e+01
-5.873696899414062500e+01
-5.902157592773437500e+01
-5.929608154296875000e+01
-5.956030273437500000e+01
-5.981417846679687500e+01
-5.917373657226562500e+01
-5.872650146484375000e+01
-5.843365478515625000e+01
-5.826364135742187500e+01
-5.819079589843750000e+01
